s 3 68
s 5 117
s 17 43
s 18 37
s 20 139
s 22 19
s 25 86
s 38 158
s 39 119
s 41 85
s 43 149
s 46 99
s 47 166
s 49 56
s t 133
1 2 140
1 9 40
1 14 46
1 15 116
1 18 105
1 20 176
1 23 144
1 28 74
1 30 49
1 35 95
1 38 65
1 43 147
2 1 140
2 6 169
2 7 140
2 8 114
2 9 154
2 14 38
2 15 123
2 17 38
2 18 19
2 22 165
2 23 103
2 27 18
2 35 154
2 37 131
2 38 10
2 39 14
2 44 22
2 45 27
2 47 36
2 50 44
2 51 80
3 12 68
3 13 60
3 20 11
3 26 90
3 28 132
3 33 52
3 34 23
3 38 103
3 43 67
3 46 143
3 47 20
3 49 154
4 7 89
4 11 32
4 12 134
4 17 95
4 26 115
4 27 63
4 29 129
4 31 19
4 34 159
4 40 69
4 41 31
4 50 128
4 t 100
5 6 46
5 9 40
5 13 62
5 21 115
5 22 63
5 23 146
5 29 150
5 32 144
5 36 13
5 40 85
5 42 79
6 2 169
6 5 46
6 9 85
6 12 144
6 25 43
6 26 63
6 33 163
6 36 75
6 38 104
6 41 130
6 49 176
7 2 140
7 4 89
7 10 18
7 13 108
7 15 143
7 26 34
7 31 153
7 36 72
7 40 28
7 42 14
7 44 173
8 2 114
8 11 170
8 13 89
8 17 56
8 20 171
8 24 42
8 28 113
8 29 91
8 30 126
8 35 104
8 45 136
8 47 161
8 48 65
9 1 40
9 2 154
9 5 40
9 6 85
9 12 147
9 16 144
9 18 46
9 25 45
9 26 142
9 43 85
9 45 77
9 46 96
9 48 75
9 50 145
10 7 18
10 18 13
10 19 173
10 23 134
10 25 177
10 32 125
10 34 19
10 39 80
10 46 26
10 48 153
10 51 17
10 t 15
11 4 32
11 8 170
11 13 153
11 16 158
11 28 87
11 29 159
11 31 15
11 32 102
11 33 149
11 34 108
11 40 99
11 42 131
11 43 178
11 48 121
12 3 68
12 4 134
12 6 144
12 9 147
12 13 53
12 14 127
12 15 122
12 16 70
12 17 54
12 18 72
12 19 53
12 25 10
12 26 138
12 28 148
12 36 108
12 45 15
12 47 14
12 49 168
12 51 144
13 3 60
13 5 62
13 7 108
13 8 89
13 11 153
13 12 53
13 15 58
13 16 173
13 17 65
13 18 141
13 20 83
13 28 144
13 29 69
13 32 24
13 33 92
13 34 30
13 36 127
13 37 86
13 46 170
13 47 169
13 48 46
14 1 46
14 2 38
14 12 127
14 22 103
14 24 139
14 33 131
14 34 61
14 40 63
14 43 138
14 47 71
14 50 170
14 51 25
15 1 116
15 2 123
15 7 143
15 12 122
15 13 58
15 17 92
15 18 45
15 20 174
15 21 67
15 24 83
15 25 171
15 32 164
15 38 65
15 40 31
15 41 13
15 46 114
15 50 152
15 51 42
16 9 144
16 11 158
16 12 70
16 13 173
16 17 16
16 18 104
16 19 32
16 21 77
16 23 42
16 24 31
16 29 161
16 30 33
16 33 158
16 37 59
16 43 96
16 46 13
16 48 165
16 49 57
17 2 38
17 4 95
17 8 56
17 12 54
17 13 65
17 15 92
17 16 16
17 23 141
17 26 57
17 35 120
17 36 26
17 40 108
17 42 118
17 43 174
17 45 87
17 47 49
17 50 56
17 51 129
18 1 105
18 2 19
18 9 46
18 10 13
18 12 72
18 13 141
18 15 45
18 16 104
18 25 177
18 26 88
18 27 164
18 31 170
18 37 66
18 39 154
18 40 21
18 47 141
18 49 125
18 50 102
18 t 138
19 10 173
19 12 53
19 16 32
19 20 10
19 21 63
19 25 13
19 28 115
19 32 29
19 37 101
19 40 44
19 41 44
19 43 131
19 45 88
19 50 133
19 t 127
20 1 176
20 3 11
20 8 171
20 13 83
20 15 174
20 19 10
20 23 139
20 27 30
20 29 152
20 30 160
20 33 119
20 36 132
20 38 113
20 41 113
20 44 11
20 45 79
20 47 173
20 50 43
20 t 175
21 5 115
21 15 67
21 16 77
21 19 63
21 26 53
21 29 168
21 30 105
21 39 73
21 41 117
21 43 136
21 44 81
21 45 148
21 49 85
21 51 15
22 2 165
22 5 63
22 14 103
22 26 157
22 27 66
22 29 104
22 30 78
22 31 101
22 33 20
22 35 143
22 36 10
22 43 41
22 45 74
22 46 77
22 48 96
22 51 169
23 1 144
23 2 103
23 5 146
23 10 134
23 16 42
23 17 141
23 20 139
23 24 111
23 30 118
23 34 99
23 41 145
23 42 115
23 44 82
24 8 42
24 14 139
24 15 83
24 16 31
24 23 111
24 25 21
24 26 119
24 30 102
24 35 119
24 38 104
24 45 135
24 49 72
25 6 43
25 9 45
25 10 177
25 12 10
25 15 171
25 18 177
25 19 13
25 24 21
25 26 85
25 46 113
25 49 56
26 3 90
26 4 115
26 6 63
26 7 34
26 9 142
26 12 138
26 17 57
26 18 88
26 21 53
26 22 157
26 24 119
26 25 85
26 29 94
26 30 115
26 33 103
26 47 104
26 49 99
27 2 18
27 4 63
27 18 164
27 20 30
27 22 66
27 32 75
27 33 82
27 36 106
27 44 75
27 45 58
27 46 72
27 48 133
27 49 87
28 1 74
28 3 132
28 8 113
28 11 87
28 12 148
28 13 144
28 19 115
28 31 10
28 32 99
28 34 164
28 38 168
28 43 52
28 47 95
29 4 129
29 5 150
29 8 91
29 11 159
29 13 69
29 16 161
29 20 152
29 21 168
29 22 104
29 26 94
29 33 51
29 37 132
29 40 50
29 41 43
29 45 56
30 1 49
30 8 126
30 16 33
30 20 160
30 21 105
30 22 78
30 23 118
30 24 102
30 26 115
30 32 75
30 35 119
30 39 34
30 40 157
30 41 90
30 43 108
30 47 58
30 48 144
30 49 158
30 50 159
31 4 19
31 7 153
31 11 15
31 18 170
31 22 101
31 28 10
31 32 83
31 33 24
31 36 69
31 37 118
31 38 13
31 39 105
31 45 54
31 46 157
31 49 31
32 5 144
32 10 125
32 11 102
32 13 24
32 15 164
32 19 29
32 27 75
32 28 99
32 30 75
32 31 83
32 36 116
32 42 53
32 43 14
32 45 12
32 48 42
32 49 33
32 50 129
33 3 52
33 6 163
33 11 149
33 13 92
33 14 131
33 16 158
33 20 119
33 22 20
33 26 103
33 27 82
33 29 51
33 31 24
33 35 10
33 37 18
33 38 143
33 44 21
33 49 21
34 3 23
34 4 159
34 10 19
34 11 108
34 13 30
34 14 61
34 23 99
34 28 164
34 40 80
34 46 115
34 47 92
34 51 68
35 1 95
35 2 154
35 8 104
35 17 120
35 22 143
35 24 119
35 30 119
35 33 10
35 45 30
35 46 92
35 49 117
35 50 163
36 5 13
36 6 75
36 7 72
36 12 108
36 13 127
36 17 26
36 20 132
36 22 10
36 27 106
36 31 69
36 32 116
36 38 152
36 49 170
36 51 107
37 2 131
37 13 86
37 16 59
37 18 66
37 19 101
37 29 132
37 31 118
37 33 18
37 39 33
37 43 49
37 45 60
37 51 45
38 1 65
38 2 10
38 3 103
38 6 104
38 15 65
38 20 113
38 24 104
38 28 168
38 31 13
38 33 143
38 36 152
38 42 136
38 45 30
38 50 114
39 2 14
39 10 80
39 18 154
39 21 73
39 30 34
39 31 105
39 37 33
39 40 42
39 42 89
39 43 141
39 48 160
39 49 149
40 4 69
40 5 85
40 7 28
40 11 99
40 14 63
40 15 31
40 17 108
40 18 21
40 19 44
40 29 50
40 30 157
40 34 80
40 39 42
40 41 177
40 49 108
40 t 10
41 4 31
41 6 130
41 15 13
41 19 44
41 20 113
41 21 117
41 23 145
41 29 43
41 30 90
41 40 177
41 45 27
41 48 91
42 5 79
42 7 14
42 11 131
42 17 118
42 23 115
42 32 53
42 38 136
42 39 89
42 44 57
42 50 84
43 1 147
43 3 67
43 9 85
43 11 178
43 14 138
43 16 96
43 17 174
43 19 131
43 21 136
43 22 41
43 28 52
43 30 108
43 32 14
43 37 49
43 39 141
43 44 121
43 46 140
43 49 38
44 2 22
44 7 173
44 20 11
44 21 81
44 23 82
44 27 75
44 33 21
44 42 57
44 43 121
44 50 178
45 2 27
45 8 136
45 9 77
45 12 15
45 17 87
45 19 88
45 20 79
45 21 148
45 22 74
45 24 135
45 27 58
45 29 56
45 31 54
45 32 12
45 35 30
45 37 60
45 38 30
45 41 27
45 46 121
45 50 102
45 t 26
46 3 143
46 9 96
46 10 26
46 13 170
46 15 114
46 16 13
46 22 77
46 25 113
46 27 72
46 31 157
46 34 115
46 35 92
46 43 140
46 45 121
46 48 165
46 50 133
47 2 36
47 3 20
47 8 161
47 12 14
47 13 169
47 14 71
47 17 49
47 18 141
47 20 173
47 26 104
47 28 95
47 30 58
47 34 92
47 49 96
47 t 37
48 8 65
48 9 75
48 10 153
48 11 121
48 13 46
48 16 165
48 22 96
48 27 133
48 30 144
48 32 42
48 39 160
48 41 91
48 46 165
48 49 120
48 50 69
49 3 154
49 6 176
49 12 168
49 16 57
49 18 125
49 21 85
49 24 72
49 25 56
49 26 99
49 27 87
49 30 158
49 31 31
49 32 33
49 33 21
49 35 117
49 36 170
49 39 149
49 40 108
49 43 38
49 47 96
49 48 120
49 50 156
50 2 44
50 4 128
50 9 145
50 14 170
50 15 152
50 17 56
50 18 102
50 19 133
50 20 43
50 30 159
50 32 129
50 35 163
50 38 114
50 42 84
50 44 178
50 45 102
50 46 133
50 48 69
50 49 156
50 51 114
51 2 80
51 10 17
51 12 144
51 14 25
51 15 42
51 17 129
51 21 15
51 22 169
51 34 68
51 36 107
51 37 45
51 50 114
51 t 40
