s 3 113
s 6 52
s 7 138
s 12 66
s 13 89
s 18 36
s 23 115
s 24 130
s 25 46
s 26 53
s 30 80
s 32 70
s 34 54
1 4 136
1 5 36
1 18 73
1 24 100
1 25 128
1 26 26
1 27 36
1 28 121
1 32 112
1 33 139
1 t 52
2 5 45
2 10 137
2 13 109
2 15 47
2 18 19
2 19 16
2 23 63
2 24 59
2 25 63
2 26 102
2 29 31
2 30 140
2 32 135
2 34 94
3 4 85
3 5 26
3 6 48
3 7 60
3 10 68
3 11 97
3 13 109
3 14 78
3 16 73
3 17 16
3 18 103
3 19 81
3 20 136
3 23 116
3 24 114
3 25 106
3 27 48
3 28 47
3 30 24
4 1 136
4 3 85
4 7 16
4 11 130
4 12 102
4 13 53
4 14 103
4 15 102
4 17 32
4 18 110
4 20 33
4 22 31
4 23 95
4 25 99
4 26 66
4 27 74
4 30 57
4 34 67
5 1 36
5 2 45
5 3 26
5 9 60
5 10 30
5 12 107
5 13 92
5 14 102
5 19 80
5 20 56
5 24 119
5 26 79
5 33 107
5 t 60
6 3 48
6 7 75
6 11 42
6 12 89
6 16 132
6 18 130
6 19 120
6 20 41
6 21 115
6 22 23
6 23 29
6 33 125
6 34 102
6 t 24
7 3 60
7 4 16
7 6 75
7 8 133
7 9 107
7 12 137
7 14 18
7 16 28
7 21 111
7 24 96
7 27 131
7 29 56
7 30 109
8 7 133
8 9 80
8 14 68
8 15 45
8 16 94
8 17 67
8 20 82
8 21 74
8 22 16
8 24 107
8 25 36
8 28 41
8 29 54
8 30 91
8 32 58
8 33 45
8 t 90
9 5 60
9 7 107
9 8 80
9 11 93
9 12 93
9 16 102
9 20 105
9 21 22
9 26 55
9 30 125
9 31 33
9 32 97
9 33 75
9 34 31
10 2 137
10 3 68
10 5 30
10 12 118
10 13 76
10 14 105
10 15 87
10 20 33
10 21 120
10 22 81
10 25 114
10 28 60
10 33 35
11 3 97
11 4 130
11 6 42
11 9 93
11 14 25
11 16 130
11 18 71
11 22 39
11 24 124
11 26 31
11 28 59
11 29 134
11 30 54
11 33 34
12 4 102
12 5 107
12 6 89
12 7 137
12 9 93
12 10 118
12 16 95
12 18 109
12 21 127
12 25 87
12 26 63
12 30 66
12 32 77
12 33 50
12 34 125
12 t 95
13 2 109
13 3 109
13 4 53
13 5 92
13 10 76
13 17 98
13 19 16
13 20 51
13 28 81
13 30 75
13 31 90
13 33 110
13 t 85
14 3 78
14 4 103
14 5 102
14 7 18
14 8 68
14 10 105
14 11 25
14 19 41
14 21 84
14 27 99
14 t 57
15 2 47
15 4 102
15 8 45
15 10 87
15 16 113
15 17 130
15 18 57
15 21 115
15 22 43
15 23 20
15 27 114
15 30 74
15 33 27
16 3 73
16 6 132
16 7 28
16 8 94
16 9 102
16 11 130
16 12 95
16 15 113
16 17 43
16 19 129
16 25 36
16 26 23
16 34 92
17 3 16
17 4 32
17 8 67
17 13 98
17 15 130
17 16 43
17 22 30
17 25 122
17 27 65
17 28 88
18 1 73
18 2 19
18 3 103
18 4 110
18 6 130
18 11 71
18 12 109
18 15 57
18 19 59
18 20 107
18 23 85
18 24 93
18 25 33
18 26 127
18 27 58
18 28 60
18 29 98
18 30 120
18 32 68
19 2 16
19 3 81
19 5 80
19 6 120
19 13 16
19 14 41
19 16 129
19 18 59
19 20 102
19 21 132
19 23 36
19 24 40
19 25 101
19 26 52
19 28 25
19 t 103
20 3 136
20 4 33
20 5 56
20 6 41
20 8 82
20 9 105
20 10 33
20 13 51
20 18 107
20 19 102
20 22 93
20 23 101
20 24 84
20 25 132
20 26 117
20 27 16
20 31 97
20 t 74
21 6 115
21 7 111
21 8 74
21 9 22
21 10 120
21 12 127
21 14 84
21 15 115
21 19 132
21 22 17
21 25 103
21 27 126
21 28 66
21 29 17
21 30 112
21 33 89
22 4 31
22 6 23
22 8 16
22 10 81
22 11 39
22 15 43
22 17 30
22 20 93
22 21 17
22 23 97
22 24 58
22 26 75
22 27 118
22 28 50
23 2 63
23 3 116
23 4 95
23 6 29
23 15 20
23 18 85
23 19 36
23 20 101
23 22 97
23 24 48
23 26 41
23 28 24
23 29 110
23 32 125
23 t 59
24 1 100
24 2 59
24 3 114
24 5 119
24 7 96
24 8 107
24 11 124
24 18 93
24 19 40
24 20 84
24 22 58
24 23 48
24 25 111
24 26 129
24 29 25
24 30 126
24 31 113
24 32 68
24 33 124
25 1 128
25 2 63
25 3 106
25 4 99
25 8 36
25 10 114
25 12 87
25 16 36
25 17 122
25 18 33
25 19 101
25 20 132
25 21 103
25 24 111
25 28 61
25 29 117
25 30 67
25 32 57
26 1 26
26 2 102
26 4 66
26 5 79
26 9 55
26 11 31
26 12 63
26 16 23
26 18 127
26 19 52
26 20 117
26 22 75
26 23 41
26 24 129
26 28 21
26 32 115
27 1 36
27 3 48
27 4 74
27 7 131
27 14 99
27 15 114
27 17 65
27 18 58
27 20 16
27 21 126
27 22 118
27 31 113
28 1 121
28 3 47
28 8 41
28 10 60
28 11 59
28 13 81
28 17 88
28 18 60
28 19 25
28 21 66
28 22 50
28 23 24
28 25 61
28 26 21
28 29 97
28 30 95
28 33 42
28 t 94
29 2 31
29 7 56
29 8 54
29 11 134
29 18 98
29 21 17
29 23 110
29 24 25
29 25 117
29 28 97
29 30 22
30 2 140
30 3 24
30 4 57
30 7 109
30 8 91
30 9 125
30 11 54
30 12 66
30 13 75
30 15 74
30 18 120
30 21 112
30 24 126
30 25 67
30 28 95
30 29 22
30 31 20
30 32 102
30 33 50
31 9 33
31 13 90
31 20 97
31 24 113
31 27 113
31 30 20
32 1 112
32 2 135
32 8 58
32 9 97
32 12 77
32 18 68
32 23 125
32 24 68
32 25 57
32 26 115
32 30 102
32 34 98
32 t 81
33 1 139
33 5 107
33 6 125
33 8 45
33 9 75
33 10 35
33 11 34
33 12 50
33 13 110
33 15 27
33 21 89
33 24 124
33 28 42
33 30 50
33 t 108
34 2 94
34 4 67
34 6 102
34 9 31
34 12 125
34 16 92
34 32 98
34 t 51
