s 2 5
s 3 78
s 5 13
s 7 26
s 8 79
s 9 39
s 12 80
s 14 46
s 15 42
s 17 67
s 19 48
s 23 23
s 24 67
s 25 86
s 28 7
s 29 27
s 31 13
1 3 72
1 4 89
1 5 73
1 6 34
1 7 23
1 8 7
1 9 61
1 10 4
1 11 4
1 12 72
1 13 30
1 14 22
1 16 7
1 17 76
1 18 37
1 20 8
1 21 44
1 22 26
1 23 67
1 24 54
1 25 51
1 26 78
1 29 78
1 32 60
1 t 75
2 4 58
2 5 27
2 6 67
2 9 36
2 12 13
2 14 41
2 16 58
2 17 55
2 19 25
2 21 56
2 22 44
2 23 50
2 24 41
2 25 17
2 26 74
2 28 44
2 29 63
2 32 25
3 1 72
3 5 64
3 8 85
3 9 42
3 12 86
3 13 31
3 15 34
3 16 28
3 17 76
3 18 24
3 20 74
3 21 42
3 22 43
3 23 62
3 26 45
3 28 50
3 t 13
4 1 89
4 2 58
4 5 85
4 8 40
4 9 28
4 13 10
4 14 79
4 17 85
4 18 69
4 19 34
4 20 41
4 21 28
4 22 73
4 23 72
4 25 48
4 29 60
4 30 70
4 31 82
4 t 73
5 1 73
5 2 27
5 3 64
5 4 85
5 6 73
5 7 63
5 11 53
5 17 29
5 19 8
5 21 53
5 23 52
5 25 33
5 26 64
5 29 69
5 30 85
5 31 48
5 t 66
6 1 34
6 2 67
6 5 73
6 9 23
6 12 8
6 14 63
6 15 71
6 16 68
6 18 36
6 21 81
6 23 63
6 25 70
6 27 77
6 28 5
6 29 85
6 32 70
7 1 23
7 5 63
7 8 74
7 12 30
7 13 75
7 15 11
7 16 39
7 18 23
7 21 54
7 22 40
7 23 11
7 26 26
7 27 86
7 28 45
7 29 78
7 31 73
7 t 18
8 1 7
8 3 85
8 4 40
8 7 74
8 12 62
8 13 41
8 14 43
8 17 30
8 20 21
8 22 9
8 24 64
8 25 8
8 32 41
8 t 87
9 1 61
9 2 36
9 3 42
9 4 28
9 6 23
9 12 87
9 13 20
9 15 29
9 16 39
9 17 55
9 22 70
9 23 28
9 24 37
9 26 35
9 31 51
9 32 38
10 1 4
10 11 49
10 13 50
10 14 52
10 16 14
10 17 51
10 19 56
10 20 72
10 21 51
10 23 71
10 24 54
10 25 18
10 26 50
10 27 64
10 28 81
10 29 71
10 31 77
10 32 71
10 t 24
11 1 4
11 5 53
11 10 49
11 13 48
11 14 84
11 15 27
11 18 56
11 19 9
11 20 15
11 22 22
11 23 61
11 24 82
11 26 82
11 27 78
11 28 28
11 t 29
12 1 72
12 2 13
12 3 86
12 6 8
12 7 30
12 8 62
12 9 87
12 13 75
12 15 44
12 16 24
12 18 64
12 20 62
12 21 15
12 22 42
12 24 31
12 25 65
12 26 77
12 27 5
12 29 45
12 30 71
12 31 72
12 32 23
12 t 36
13 1 30
13 3 31
13 4 10
13 7 75
13 8 41
13 9 20
13 10 50
13 11 48
13 12 75
13 16 68
13 18 26
13 21 13
13 22 5
13 23 35
13 24 37
13 25 85
13 26 24
13 27 32
13 29 9
13 31 65
13 t 54
14 1 22
14 2 41
14 4 79
14 6 63
14 8 43
14 10 52
14 11 84
14 15 54
14 17 10
14 19 49
14 21 18
14 22 38
14 24 43
14 27 25
14 28 61
14 29 25
14 30 6
14 31 82
14 t 10
15 3 34
15 6 71
15 7 11
15 9 29
15 11 27
15 12 44
15 14 54
15 16 27
15 17 45
15 18 5
15 19 18
15 21 5
15 22 19
15 24 76
15 26 37
15 29 4
15 30 87
15 31 80
15 32 16
15 t 41
16 1 7
16 2 58
16 3 28
16 6 68
16 7 39
16 9 39
16 10 14
16 12 24
16 13 68
16 15 27
16 17 48
16 18 81
16 19 87
16 20 64
16 23 69
16 25 67
16 27 73
16 28 4
16 29 54
16 30 68
16 31 86
17 1 76
17 2 55
17 3 76
17 4 85
17 5 29
17 8 30
17 9 55
17 10 51
17 14 10
17 15 45
17 16 48
17 18 16
17 19 10
17 21 20
17 22 5
17 24 70
17 26 43
17 28 49
17 29 32
17 30 85
17 31 81
17 t 5
18 1 37
18 3 24
18 4 69
18 6 36
18 7 23
18 11 56
18 12 64
18 13 26
18 15 5
18 16 81
18 17 16
18 22 13
18 23 35
18 24 23
18 25 12
18 26 16
18 27 15
18 28 53
18 t 35
19 2 25
19 4 34
19 5 8
19 10 56
19 11 9
19 14 49
19 15 18
19 16 87
19 17 10
19 23 13
19 24 68
19 25 40
19 26 17
19 28 43
19 32 86
19 t 46
20 1 8
20 3 74
20 4 41
20 8 21
20 10 72
20 11 15
20 12 62
20 16 64
20 21 34
20 24 9
20 25 55
20 27 76
20 28 11
20 29 79
20 30 9
20 31 46
20 t 52
21 1 44
21 2 56
21 3 42
21 4 28
21 5 53
21 6 81
21 7 54
21 10 51
21 12 15
21 13 13
21 14 18
21 15 5
21 17 20
21 20 34
21 23 51
21 26 31
21 29 62
21 31 60
21 32 28
21 t 5
22 1 26
22 2 44
22 3 43
22 4 73
22 7 40
22 8 9
22 9 70
22 11 22
22 12 42
22 13 5
22 14 38
22 15 19
22 17 5
22 18 13
22 24 16
22 25 33
22 27 82
22 28 45
22 32 63
23 1 67
23 2 50
23 3 62
23 4 72
23 5 52
23 6 63
23 7 11
23 9 28
23 10 71
23 11 61
23 13 35
23 16 69
23 18 35
23 19 13
23 21 51
23 25 71
23 26 85
23 27 45
23 28 42
23 29 67
23 30 36
23 32 45
24 1 54
24 2 41
24 8 64
24 9 37
24 10 54
24 11 82
24 12 31
24 13 37
24 14 43
24 15 76
24 17 70
24 18 23
24 19 68
24 20 9
24 22 16
24 25 13
24 26 68
24 29 33
24 30 36
24 31 76
24 32 36
24 t 9
25 1 51
25 2 17
25 4 48
25 5 33
25 6 70
25 8 8
25 10 18
25 12 65
25 13 85
25 16 67
25 18 12
25 19 40
25 20 55
25 22 33
25 23 71
25 24 13
25 26 25
25 27 41
25 28 9
25 30 49
25 31 18
26 1 78
26 2 74
26 3 45
26 5 64
26 7 26
26 9 35
26 10 50
26 11 82
26 12 77
26 13 24
26 15 37
26 17 43
26 18 16
26 19 17
26 21 31
26 23 85
26 24 68
26 25 25
26 27 61
26 28 47
26 30 10
26 32 6
26 t 45
27 6 77
27 7 86
27 10 64
27 11 78
27 12 5
27 13 32
27 14 25
27 16 73
27 18 15
27 20 76
27 22 82
27 23 45
27 25 41
27 26 61
27 28 29
27 29 8
27 30 38
27 32 87
27 t 69
28 2 44
28 3 50
28 6 5
28 7 45
28 10 81
28 11 28
28 14 61
28 16 4
28 17 49
28 18 53
28 19 43
28 20 11
28 22 45
28 23 42
28 25 9
28 26 47
28 27 29
28 29 18
28 31 13
28 32 44
29 1 78
29 2 63
29 4 60
29 5 69
29 6 85
29 7 78
29 10 71
29 12 45
29 13 9
29 14 25
29 15 4
29 16 54
29 17 32
29 20 79
29 21 62
29 23 67
29 24 33
29 27 8
29 28 18
29 31 40
29 32 27
30 4 70
30 5 85
30 12 71
30 14 6
30 15 87
30 16 68
30 17 85
30 20 9
30 23 36
30 24 36
30 25 49
30 26 10
30 27 38
31 4 82
31 5 48
31 7 73
31 9 51
31 10 77
31 12 72
31 13 65
31 14 82
31 15 80
31 16 86
31 17 81
31 20 46
31 21 60
31 24 76
31 25 18
31 28 13
31 29 40
31 32 64
31 t 44
32 1 60
32 2 25
32 6 70
32 8 41
32 9 38
32 10 71
32 12 23
32 15 16
32 19 86
32 21 28
32 22 63
32 23 45
32 24 36
32 26 6
32 27 87
32 28 44
32 29 27
32 31 64
