s 1 47
s 5 111
s 6 137
s 10 111
s 11 141
s 14 140
s 15 21
s 16 91
s 18 69
s 20 160
s 22 29
s 24 103
s 26 158
s 27 147
s 30 129
s 31 142
s 32 47
s 34 113
s 35 57
s 37 119
s 38 26
s 39 68
s 40 146
s 42 43
s 45 100
s 47 116
s 48 44
s 49 97
s 51 74
s 52 49
s 53 99
s 56 91
s 57 121
s 58 73
s 59 113
s 63 114
s 64 115
s 65 163
s 66 49
s 67 84
s 68 151
s 69 136
s 70 41
s 72 31
s 75 75
s 78 68
s 84 56
s 85 142
s 86 127
s 89 74
s 90 123
s 91 120
s 95 45
s 96 24
s 97 96
s 98 39
s 99 101
s 100 64
s 101 116
s 102 150
s 107 120
s 108 98
s 110 90
s 111 97
s 114 32
s 115 67
s 116 64
s 117 139
s 120 95
s 122 163
s 123 45
s 124 24
s 126 156
s 128 93
s 129 131
s 130 50
s 136 139
s 137 113
s 141 34
s 143 38
s 144 154
s t 161
1 2 104
1 3 51
1 5 28
1 6 157
1 9 153
1 10 21
1 11 75
1 12 78
1 13 158
1 14 31
1 15 78
1 16 126
1 19 119
1 20 35
1 21 156
1 23 29
1 24 83
1 26 96
1 28 43
1 29 111
1 32 59
1 33 147
1 34 164
1 35 24
1 36 44
1 37 35
1 38 110
1 42 84
1 44 57
1 46 19
1 47 116
1 50 114
1 51 135
1 53 62
1 54 38
1 57 110
1 58 87
1 64 149
1 66 138
1 68 161
1 71 29
1 75 142
1 76 116
1 77 128
1 79 50
1 81 149
1 83 93
1 86 119
1 91 31
1 92 102
1 94 22
1 95 165
1 96 91
1 97 83
1 99 25
1 102 143
1 104 150
1 105 86
1 106 33
1 111 81
1 112 132
1 113 28
1 114 43
1 117 96
1 119 142
1 120 106
1 123 64
1 124 67
1 125 119
1 126 31
1 129 79
1 131 139
1 133 28
1 134 36
1 135 88
1 136 108
1 139 150
1 140 154
1 142 84
1 144 108
1 145 156
2 1 104
2 3 121
2 5 161
2 6 152
2 7 87
2 8 163
2 15 130
2 17 46
2 20 155
2 22 127
2 26 147
2 31 100
2 33 93
2 35 26
2 36 20
2 37 40
2 38 96
2 39 61
2 42 40
2 43 36
2 44 87
2 45 85
2 47 64
2 49 57
2 53 123
2 58 137
2 62 117
2 63 118
2 64 123
2 66 106
2 70 139
2 71 89
2 73 103
2 74 114
2 77 37
2 81 148
2 82 59
2 83 78
2 86 163
2 88 21
2 89 145
2 90 91
2 93 111
2 94 156
2 98 69
2 100 148
2 101 99
2 102 96
2 103 63
2 106 36
2 107 161
2 108 65
2 109 101
2 110 63
2 111 157
2 112 102
2 113 110
2 115 149
2 116 95
2 117 90
2 118 75
2 120 106
2 122 75
2 123 79
2 124 109
2 128 64
2 129 123
2 130 152
2 132 115
2 133 45
2 134 74
2 135 160
2 136 99
2 137 107
2 138 51
2 142 29
2 143 159
2 145 32
2 t 58
3 1 51
3 2 121
3 5 56
3 7 162
3 8 57
3 10 33
3 12 65
3 13 75
3 15 101
3 16 72
3 17 152
3 18 126
3 23 56
3 25 127
3 27 101
3 32 132
3 33 149
3 34 48
3 35 110
3 36 148
3 39 42
3 40 65
3 41 75
3 42 143
3 43 138
3 45 44
3 46 100
3 47 104
3 50 159
3 51 38
3 53 150
3 57 80
3 59 87
3 62 94
3 63 61
3 65 21
3 66 24
3 67 51
3 68 42
3 70 123
3 72 83
3 73 22
3 75 97
3 76 28
3 79 59
3 80 25
3 84 119
3 85 45
3 87 41
3 88 148
3 91 27
3 93 39
3 95 80
3 99 140
3 103 89
3 104 88
3 105 21
3 108 84
3 109 26
3 112 142
3 113 76
3 115 45
3 116 62
3 117 132
3 119 159
3 123 83
3 124 33
3 125 84
3 127 80
3 129 100
3 130 157
3 132 153
3 133 128
3 134 133
3 136 151
3 138 125
3 139 47
3 141 52
3 143 69
3 144 71
3 145 21
3 t 155
4 5 165
4 6 100
4 8 154
4 9 100
4 11 151
4 13 140
4 15 35
4 16 59
4 18 155
4 19 61
4 20 149
4 21 165
4 22 45
4 26 90
4 32 142
4 33 69
4 34 129
4 35 64
4 36 61
4 37 93
4 39 152
4 40 70
4 41 53
4 43 33
4 44 82
4 45 55
4 46 165
4 48 56
4 49 34
4 50 154
4 51 51
4 55 70
4 56 137
4 58 151
4 60 42
4 64 66
4 66 147
4 67 134
4 69 60
4 70 105
4 71 55
4 74 121
4 76 74
4 77 40
4 78 22
4 79 119
4 80 163
4 81 20
4 82 106
4 83 24
4 84 97
4 87 117
4 89 57
4 92 80
4 94 104
4 95 91
4 96 21
4 97 118
4 99 89
4 101 161
4 102 126
4 103 128
4 104 122
4 107 54
4 108 56
4 109 38
4 110 158
4 111 61
4 112 48
4 114 162
4 115 94
4 117 85
4 119 82
4 121 44
4 123 164
4 125 110
4 126 85
4 127 97
4 129 77
4 130 55
4 132 36
4 133 77
4 136 57
4 137 80
4 139 42
4 141 78
4 142 21
4 t 97
5 1 28
5 2 161
5 3 56
5 4 165
5 6 153
5 7 105
5 8 52
5 9 31
5 12 157
5 16 76
5 17 59
5 18 165
5 19 117
5 20 141
5 22 30
5 23 63
5 24 23
5 26 53
5 27 25
5 28 130
5 29 86
5 30 40
5 32 153
5 33 34
5 34 117
5 36 151
5 38 70
5 39 133
5 40 59
5 41 114
5 42 140
5 45 105
5 46 136
5 49 111
5 50 80
5 52 83
5 54 102
5 55 120
5 58 49
5 59 137
5 61 151
5 62 119
5 63 115
5 65 83
5 66 88
5 67 87
5 69 100
5 70 43
5 71 128
5 73 154
5 74 151
5 76 92
5 77 133
5 78 137
5 80 32
5 81 99
5 83 108
5 85 80
5 87 160
5 91 90
5 95 113
5 96 125
5 99 83
5 100 63
5 101 85
5 104 54
5 105 162
5 106 52
5 107 61
5 109 27
5 111 40
5 112 138
5 113 77
5 114 32
5 115 141
5 119 68
5 120 136
5 121 58
5 125 39
5 126 70
5 127 103
5 129 137
5 131 145
5 133 151
5 137 164
5 138 68
5 141 68
5 144 75
5 145 145
5 t 82
6 1 157
6 2 152
6 4 100
6 5 153
6 7 164
6 12 61
6 15 27
6 17 106
6 19 161
6 21 81
6 23 135
6 24 103
6 28 153
6 29 57
6 31 63
6 32 108
6 33 118
6 34 91
6 35 145
6 36 161
6 37 86
6 38 32
6 42 95
6 43 92
6 46 64
6 47 30
6 48 62
6 50 98
6 52 98
6 53 24
6 54 136
6 55 66
6 56 129
6 57 54
6 62 80
6 63 123
6 65 27
6 70 161
6 71 122
6 72 110
6 75 73
6 76 53
6 77 103
6 79 107
6 82 102
6 84 37
6 85 59
6 87 28
6 91 40
6 92 90
6 93 54
6 94 51
6 96 78
6 98 51
6 101 115
6 103 24
6 104 30
6 105 100
6 106 141
6 107 69
6 109 98
6 110 35
6 112 66
6 114 49
6 115 40
6 116 62
6 117 80
6 121 24
6 125 106
6 127 25
6 129 49
6 133 60
6 134 152
6 135 26
6 141 71
6 142 122
7 2 87
7 3 162
7 5 105
7 6 164
7 9 50
7 11 98
7 13 26
7 14 116
7 15 130
7 16 72
7 17 135
7 19 32
7 21 86
7 22 136
7 24 84
7 25 58
7 28 158
7 32 117
7 35 57
7 36 81
7 38 54
7 39 41
7 40 124
7 46 160
7 48 21
7 50 108
7 51 144
7 54 33
7 56 106
7 57 131
7 58 51
7 59 117
7 60 25
7 61 91
7 62 23
7 63 115
7 65 92
7 66 60
7 67 48
7 69 27
7 70 96
7 76 119
7 77 131
7 79 131
7 81 138
7 82 58
7 84 44
7 85 34
7 87 56
7 88 107
7 91 52
7 95 31
7 96 48
7 98 40
7 99 45
7 103 113
7 104 57
7 106 165
7 110 146
7 111 154
7 116 107
7 118 34
7 120 22
7 122 87
7 123 44
7 124 54
7 129 141
7 130 70
7 131 19
7 132 93
7 133 62
7 136 45
7 137 27
7 139 42
7 142 122
7 143 92
7 t 152
8 2 163
8 3 57
8 4 154
8 5 52
8 9 84
8 11 88
8 12 46
8 13 54
8 15 156
8 17 134
8 21 41
8 22 102
8 26 52
8 27 128
8 28 115
8 29 90
8 31 140
8 32 161
8 33 28
8 36 141
8 37 48
8 39 162
8 40 88
8 44 89
8 45 157
8 46 105
8 47 94
8 48 102
8 49 115
8 50 88
8 51 94
8 54 112
8 55 132
8 56 19
8 57 114
8 58 96
8 60 79
8 62 157
8 66 88
8 68 162
8 71 103
8 72 52
8 75 60
8 77 41
8 81 152
8 82 28
8 84 89
8 88 31
8 90 158
8 95 89
8 96 33
8 100 70
8 101 21
8 103 130
8 105 125
8 106 75
8 107 160
8 108 91
8 111 89
8 112 137
8 113 64
8 116 95
8 118 116
8 119 123
8 120 161
8 121 52
8 122 50
8 123 52
8 125 142
8 126 163
8 127 79
8 128 64
8 129 164
8 130 112
8 132 88
8 135 26
8 136 118
8 140 84
8 144 39
8 145 127
9 1 153
9 4 100
9 5 31
9 7 50
9 8 84
9 11 74
9 13 93
9 15 26
9 17 92
9 19 82
9 20 78
9 21 117
9 22 74
9 23 86
9 24 67
9 25 55
9 26 154
9 29 130
9 30 100
9 32 48
9 34 112
9 35 49
9 38 84
9 39 161
9 40 128
9 41 105
9 42 98
9 43 108
9 45 27
9 46 119
9 47 82
9 48 120
9 51 19
9 52 154
9 54 147
9 55 158
9 57 140
9 64 124
9 65 125
9 66 54
9 68 62
9 69 107
9 71 45
9 73 63
9 75 118
9 76 32
9 77 77
9 78 26
9 83 82
9 85 142
9 87 30
9 89 87
9 91 83
9 95 101
9 97 71
9 98 141
9 99 71
9 100 103
9 101 26
9 102 69
9 103 114
9 104 164
9 105 117
9 106 102
9 109 22
9 110 63
9 111 70
9 112 119
9 113 135
9 114 127
9 117 71
9 119 105
9 121 155
9 123 45
9 124 37
9 125 22
9 129 36
9 130 26
9 133 19
9 134 54
9 135 145
9 139 141
9 140 82
9 142 146
9 143 58
9 145 146
9 t 114
10 1 21
10 3 33
10 13 44
10 15 125
10 16 152
10 18 38
10 19 48
10 22 123
10 23 102
10 24 68
10 25 134
10 26 158
10 27 38
10 28 114
10 31 142
10 32 53
10 33 128
10 34 40
10 37 28
10 38 41
10 40 31
10 41 91
10 42 39
10 44 59
10 46 37
10 49 65
10 51 159
10 53 56
10 55 155
10 56 126
10 57 112
10 59 113
10 60 117
10 61 152
10 62 53
10 64 163
10 67 74
10 69 42
10 73 47
10 74 158
10 76 120
10 78 165
10 82 56
10 84 87
10 88 156
10 89 87
10 91 142
10 93 152
10 95 111
10 97 51
10 99 90
10 100 39
10 102 36
10 103 85
10 105 53
10 106 86
10 107 99
10 109 83
10 116 55
10 117 35
10 118 93
10 123 139
10 124 97
10 125 68
10 127 153
10 131 51
10 132 25
10 133 135
10 134 110
10 135 84
10 136 150
10 138 64
10 141 61
10 142 124
10 144 130
10 t 162
11 1 75
11 4 151
11 7 98
11 8 88
11 9 74
11 14 40
11 15 23
11 16 109
11 18 92
11 19 40
11 20 42
11 23 97
11 27 120
11 28 109
11 29 42
11 31 88
11 32 133
11 34 65
11 35 68
11 36 109
11 38 77
11 41 26
11 43 51
11 44 121
11 46 46
11 48 33
11 50 118
11 51 151
11 52 155
11 53 104
11 54 92
11 56 130
11 57 156
11 58 130
11 59 129
11 61 156
11 62 130
11 64 90
11 65 117
11 68 132
11 69 88
11 74 100
11 75 116
11 79 71
11 81 33
11 82 65
11 83 65
11 85 140
11 86 46
11 88 20
11 89 125
11 90 78
11 93 105
11 94 162
11 96 122
11 98 36
11 104 108
11 105 153
11 107 87
11 109 104
11 111 37
11 113 29
11 114 103
11 118 29
11 120 120
11 121 87
11 122 134
11 124 140
11 125 133
11 126 150
11 127 133
11 130 124
11 133 134
11 134 108
11 135 115
11 137 71
11 138 136
11 139 31
11 140 159
11 141 128
11 142 44
11 143 29
11 144 50
11 t 119
12 1 78
12 3 65
12 5 157
12 6 61
12 8 46
12 14 66
12 15 114
12 16 108
12 17 88
12 19 139
12 20 57
12 23 146
12 24 119
12 25 39
12 28 55
12 29 143
12 31 30
12 34 21
12 35 128
12 38 137
12 39 67
12 40 161
12 41 139
12 43 137
12 44 76
12 45 88
12 49 63
12 50 152
12 52 90
12 53 112
12 54 101
12 56 112
12 57 109
12 59 74
12 60 126
12 61 101
12 62 46
12 63 120
12 64 33
12 69 127
12 70 28
12 71 159
12 73 129
12 74 125
12 76 127
12 77 54
12 79 73
12 80 43
12 82 40
12 83 93
12 84 39
12 85 101
12 86 39
12 87 122
12 88 112
12 93 96
12 95 150
12 96 86
12 100 32
12 101 63
12 102 96
12 103 100
12 105 34
12 109 118
12 113 27
12 114 105
12 115 29
12 117 54
12 118 122
12 119 36
12 120 94
12 123 118
12 124 85
12 127 130
12 128 165
12 130 42
12 133 74
12 135 23
12 136 28
12 137 29
12 138 163
12 139 22
12 141 67
12 142 100
12 143 135
13 1 158
13 3 75
13 4 140
13 7 26
13 8 54
13 9 93
13 10 44
13 14 145
13 15 144
13 17 39
13 19 50
13 21 117
13 23 62
13 26 147
13 28 20
13 31 88
13 34 82
13 35 126
13 36 115
13 37 88
13 38 28
13 42 65
13 47 101
13 50 152
13 52 98
13 53 30
13 54 35
13 56 80
13 57 149
13 58 43
13 59 139
13 63 121
13 65 47
13 66 97
13 68 60
13 69 131
13 72 23
13 73 157
13 84 99
13 86 122
13 89 124
13 91 163
13 93 164
13 97 103
13 100 76
13 102 99
13 104 126
13 105 114
13 106 163
13 107 114
13 110 90
13 112 39
13 114 55
13 116 71
13 119 164
13 121 42
13 122 109
13 123 58
13 125 34
13 127 48
13 128 134
13 129 96
13 130 45
13 135 49
13 136 95
13 137 86
13 138 38
13 140 140
13 142 78
14 1 31
14 7 116
14 11 40
14 12 66
14 13 145
14 16 96
14 17 79
14 19 142
14 20 24
14 22 99
14 24 28
14 25 114
14 26 134
14 27 21
14 28 22
14 31 137
14 32 153
14 37 130
14 38 24
14 39 90
14 40 68
14 41 148
14 43 117
14 44 133
14 51 127
14 52 62
14 53 65
14 54 140
14 55 80
14 56 43
14 61 152
14 62 83
14 64 57
14 65 124
14 66 84
14 68 115
14 70 74
14 72 127
14 73 164
14 74 50
14 75 96
14 77 91
14 79 34
14 80 24
14 81 64
14 83 117
14 84 116
14 89 52
14 90 94
14 92 103
14 95 81
14 96 116
14 97 53
14 101 30
14 102 151
14 103 142
14 108 89
14 112 43
14 113 145
14 114 152
14 118 61
14 119 92
14 120 51
14 121 82
14 122 126
14 123 35
14 124 103
14 127 143
14 128 164
14 129 60
14 130 149
14 133 19
14 134 37
14 135 147
14 136 134
14 138 67
14 139 72
15 1 78
15 2 130
15 3 101
15 4 35
15 6 27
15 7 130
15 8 156
15 9 26
15 10 125
15 11 23
15 12 114
15 13 144
15 18 139
15 19 47
15 20 109
15 21 47
15 22 104
15 24 165
15 25 95
15 27 78
15 29 163
15 30 140
15 32 61
15 33 72
15 35 159
15 36 57
15 38 125
15 40 103
15 41 162
15 42 43
15 43 23
15 44 63
15 47 160
15 52 139
15 56 61
15 57 36
15 58 155
15 59 109
15 60 44
15 61 38
15 62 109
15 64 80
15 65 120
15 66 94
15 67 150
15 68 94
15 72 103
15 73 69
15 74 131
15 75 54
15 76 94
15 77 160
15 78 101
15 80 65
15 84 161
15 85 47
15 89 115
15 91 37
15 92 63
15 95 156
15 96 83
15 98 133
15 100 102
15 101 59
15 102 140
15 106 41
15 108 71
15 110 90
15 117 111
15 119 84
15 123 131
15 125 47
15 126 128
15 127 131
15 128 19
15 131 144
15 134 69
15 137 22
15 138 139
15 139 163
15 141 97
15 142 135
15 143 88
15 144 45
15 145 160
16 1 126
16 3 72
16 4 59
16 5 76
16 7 72
16 10 152
16 11 109
16 12 108
16 14 96
16 17 117
16 18 123
16 21 115
16 23 115
16 24 77
16 25 117
16 27 33
16 28 134
16 29 136
16 31 111
16 32 23
16 35 160
16 36 129
16 37 118
16 39 82
16 42 159
16 43 36
16 44 37
16 47 50
16 48 19
16 52 140
16 53 100
16 55 161
16 56 148
16 57 70
16 58 67
16 60 36
16 61 142
16 63 145
16 67 163
16 70 34
16 72 107
16 74 140
16 75 71
16 77 152
16 78 147
16 80 67
16 83 61
16 85 157
16 86 55
16 87 66
16 88 72
16 89 153
16 90 67
16 91 102
16 94 129
16 96 76
16 100 29
16 102 142
16 104 21
16 105 43
16 109 41
16 111 74
16 112 139
16 113 60
16 114 38
16 115 51
16 116 58
16 117 132
16 121 48
16 122 94
16 123 85
16 125 159
16 127 71
16 128 54
16 129 93
16 130 85
16 131 33
16 132 30
16 134 80
16 135 42
16 136 118
16 139 99
16 141 47
16 142 88
16 143 110
16 144 113
16 t 130
17 2 46
17 3 152
17 5 59
17 6 106
17 7 135
17 8 134
17 9 92
17 12 88
17 13 39
17 14 79
17 16 117
17 19 156
17 23 67
17 24 71
17 26 103
17 27 26
17 28 101
17 30 107
17 31 28
17 33 139
17 34 62
17 36 60
17 40 27
17 42 165
17 43 81
17 44 70
17 45 27
17 49 126
17 56 119
17 57 131
17 58 94
17 59 74
17 60 112
17 61 160
17 62 99
17 65 125
17 66 86
17 70 159
17 71 53
17 72 24
17 73 54
17 74 156
17 75 89
17 76 97
17 78 50
17 80 85
17 82 104
17 83 110
17 84 49
17 85 160
17 86 124
17 87 138
17 88 137
17 92 150
17 94 44
17 95 47
17 96 89
17 97 77
17 100 41
17 101 150
17 105 57
17 106 58
17 107 23
17 108 69
17 109 89
17 111 73
17 113 81
17 114 92
17 115 91
17 117 147
17 120 119
17 125 156
17 127 152
17 128 137
17 129 24
17 133 90
17 134 89
17 137 148
17 138 85
17 141 146
17 144 152
17 145 28
18 3 126
18 4 155
18 5 165
18 10 38
18 11 92
18 15 139
18 16 123
18 19 73
18 22 154
18 23 150
18 24 160
18 25 47
18 26 38
18 28 27
18 29 65
18 30 135
18 32 88
18 33 156
18 37 122
18 38 154
18 39 55
18 41 60
18 42 106
18 43 80
18 44 24
18 47 94
18 48 53
18 50 113
18 51 94
18 54 29
18 55 96
18 56 125
18 61 135
18 62 98
18 63 139
18 67 56
18 68 50
18 70 125
18 71 92
18 73 155
18 74 120
18 76 46
18 78 47
18 79 48
18 81 69
18 82 43
18 84 27
18 85 70
18 86 90
18 89 23
18 90 73
18 94 143
18 98 23
18 99 131
18 100 147
18 102 60
18 103 54
18 104 43
18 107 144
18 108 45
18 110 71
18 116 158
18 117 64
18 120 46
18 121 43
18 122 51
18 124 156
18 126 41
18 128 19
18 129 59
18 130 74
18 131 97
18 135 160
18 136 99
18 141 109
18 144 55
18 145 121
18 t 39
19 1 119
19 4 61
19 5 117
19 6 161
19 7 32
19 9 82
19 10 48
19 11 40
19 12 139
19 13 50
19 14 142
19 15 47
19 17 156
19 18 73
19 20 146
19 21 152
19 22 157
19 24 102
19 25 48
19 27 141
19 28 98
19 29 43
19 32 31
19 33 23
19 37 42
19 38 91
19 40 42
19 41 45
19 42 110
19 43 66
19 44 92
19 46 108
19 47 132
19 49 88
19 51 34
19 52 110
19 53 130
19 54 160
19 55 128
19 56 97
19 59 36
19 60 120
19 61 97
19 62 115
19 63 42
19 64 93
19 65 132
19 66 43
19 69 35
19 71 113
19 72 147
19 73 62
19 74 104
19 75 95
19 76 53
19 79 75
19 80 44
19 82 74
19 85 109
19 86 108
19 87 83
19 89 151
19 90 152
19 92 110
19 93 159
19 96 89
19 100 133
19 103 141
19 105 104
19 107 163
19 109 125
19 112 68
19 114 68
19 115 113
19 117 39
19 118 61
19 119 31
19 120 152
19 123 82
19 125 144
19 127 120
19 132 84
19 133 136
19 136 106
19 137 141
19 141 43
19 142 125
19 143 45
19 145 39
19 t 27
20 1 35
20 2 155
20 4 149
20 5 141
20 9 78
20 11 42
20 12 57
20 14 24
20 15 109
20 19 146
20 22 132
20 23 54
20 25 127
20 26 133
20 27 22
20 28 145
20 32 38
20 34 115
20 35 137
20 36 143
20 37 23
20 42 107
20 43 132
20 44 158
20 45 65
20 47 141
20 48 79
20 49 92
20 50 145
20 52 101
20 54 63
20 55 28
20 56 53
20 57 62
20 58 99
20 60 37
20 65 83
20 68 20
20 70 140
20 71 122
20 73 37
20 75 67
20 77 154
20 80 91
20 82 159
20 83 161
20 85 25
20 86 54
20 87 114
20 90 72
20 92 29
20 95 55
20 102 76
20 103 52
20 107 146
20 111 93
20 113 157
20 114 52
20 115 53
20 117 148
20 118 24
20 119 118
20 121 60
20 124 152
20 125 164
20 126 80
20 127 45
20 128 40
20 130 134
20 131 25
20 133 81
20 135 68
20 138 95
20 139 131
20 140 134
20 142 77
20 143 41
20 145 74
21 1 156
21 4 165
21 6 81
21 7 86
21 8 41
21 9 117
21 13 117
21 15 47
21 16 115
21 19 152
21 22 143
21 25 146
21 26 66
21 29 134
21 30 115
21 31 161
21 35 66
21 36 37
21 39 42
21 41 140
21 42 25
21 43 118
21 44 136
21 45 99
21 46 88
21 47 143
21 48 68
21 51 164
21 52 149
21 53 100
21 54 102
21 55 74
21 57 153
21 59 152
21 60 153
21 62 78
21 65 106
21 66 120
21 67 115
21 69 69
21 70 77
21 72 156
21 73 57
21 74 160
21 76 48
21 78 77
21 80 64
21 82 104
21 87 164
21 91 40
21 92 39
21 93 123
21 94 45
21 95 108
21 96 114
21 97 97
21 98 74
21 99 108
21 100 90
21 103 76
21 104 37
21 107 132
21 109 103
21 110 148
21 112 151
21 113 161
21 114 148
21 115 50
21 118 40
21 119 136
21 120 59
21 121 163
21 123 152
21 124 148
21 125 27
21 126 59
21 129 165
21 130 137
21 133 102
21 134 108
21 138 164
21 141 69
21 142 155
21 143 114
21 144 68
21 145 53
21 t 141
22 2 127
22 4 45
22 5 30
22 7 136
22 8 102
22 9 74
22 10 123
22 14 99
22 15 104
22 18 154
22 19 157
22 20 132
22 21 143
22 23 48
22 25 114
22 26 39
22 28 105
22 30 23
22 31 19
22 33 108
22 35 77
22 36 53
22 37 94
22 38 27
22 39 62
22 41 27
22 43 97
22 44 144
22 46 63
22 47 108
22 49 102
22 50 159
22 53 33
22 54 26
22 55 33
22 56 133
22 57 85
22 59 73
22 60 106
22 61 37
22 62 60
22 63 127
22 68 86
22 69 124
22 71 118
22 72 31
22 73 74
22 75 29
22 76 76
22 77 21
22 80 118
22 81 87
22 82 88
22 84 137
22 85 154
22 86 160
22 87 161
22 89 22
22 90 112
22 92 76
22 93 63
22 95 139
22 98 65
22 99 114
22 100 106
22 101 110
22 105 43
22 106 50
22 107 123
22 108 23
22 112 147
22 116 82
22 119 60
22 120 127
22 122 23
22 125 165
22 127 165
22 129 150
22 130 110
22 131 54
22 134 73
22 135 121
22 136 20
22 138 34
22 139 47
22 140 133
22 141 72
22 142 161
22 143 107
23 1 29
23 3 56
23 5 63
23 6 135
23 9 86
23 10 102
23 11 97
23 12 146
23 13 62
23 16 115
23 17 67
23 18 150
23 20 54
23 22 48
23 24 119
23 25 80
23 26 151
23 28 42
23 39 48
23 40 95
23 41 112
23 42 43
23 43 32
23 44 123
23 46 118
23 47 19
23 49 101
23 54 50
23 56 156
23 57 53
23 60 44
23 62 80
23 63 30
23 65 76
23 67 136
23 68 131
23 69 157
23 70 102
23 73 30
23 77 62
23 78 147
23 80 130
23 81 107
23 82 34
23 83 19
23 84 138
23 85 137
23 87 37
23 91 133
23 92 104
23 97 110
23 99 88
23 100 83
23 101 58
23 104 87
23 107 128
23 111 62
23 113 82
23 114 83
23 115 88
23 116 72
23 118 93
23 119 149
23 123 124
23 125 86
23 126 95
23 127 80
23 129 165
23 130 125
23 132 153
23 134 74
23 137 121
23 138 132
23 139 86
23 140 88
23 141 111
23 143 62
23 144 149
23 145 44
23 t 60
24 1 83
24 5 23
24 6 103
24 7 84
24 9 67
24 10 68
24 12 119
24 14 28
24 15 165
24 16 77
24 17 71
24 18 160
24 19 102
24 23 119
24 25 138
24 26 95
24 27 101
24 28 163
24 29 60
24 32 93
24 34 107
24 35 23
24 36 77
24 39 116
24 44 163
24 45 22
24 48 85
24 49 19
24 50 147
24 53 94
24 54 73
24 55 158
24 58 160
24 60 85
24 61 69
24 63 67
24 64 31
24 65 159
24 69 26
24 71 103
24 72 131
24 73 82
24 74 114
24 75 70
24 76 126
24 77 110
24 78 159
24 79 150
24 82 150
24 84 137
24 85 96
24 86 93
24 89 83
24 90 120
24 92 82
24 93 88
24 94 161
24 99 144
24 100 21
24 102 140
24 104 138
24 106 64
24 107 157
24 108 107
24 109 114
24 110 84
24 111 80
24 121 110
24 122 53
24 125 151
24 126 37
24 127 90
24 129 33
24 131 148
24 132 74
24 133 47
24 135 127
24 136 115
24 137 110
24 138 123
24 139 122
24 140 154
24 141 30
24 142 39
24 t 96
25 3 127
25 7 58
25 9 55
25 10 134
25 12 39
25 14 114
25 15 95
25 16 117
25 18 47
25 19 48
25 20 127
25 21 146
25 22 114
25 23 80
25 24 138
25 26 24
25 33 54
25 34 114
25 35 137
25 37 33
25 38 60
25 39 158
25 40 131
25 42 97
25 43 48
25 46 161
25 47 27
25 48 123
25 49 68
25 51 92
25 54 153
25 55 73
25 57 88
25 58 123
25 59 103
25 60 69
25 61 98
25 64 113
25 67 158
25 71 108
25 72 48
25 73 120
25 74 138
25 75 56
25 76 63
25 78 105
25 80 86
25 82 127
25 83 102
25 86 88
25 88 99
25 89 21
25 91 77
25 94 77
25 95 124
25 96 82
25 97 48
25 98 99
25 100 25
25 103 156
25 104 92
25 105 58
25 106 156
25 108 109
25 109 51
25 110 111
25 111 34
25 114 129
25 115 80
25 116 31
25 118 22
25 126 47
25 130 36
25 131 102
25 132 143
25 134 85
25 135 160
25 137 162
25 140 41
25 142 130
25 145 125
26 1 96
26 2 147
26 4 90
26 5 53
26 8 52
26 9 154
26 10 158
26 13 147
26 14 134
26 17 103
26 18 38
26 20 133
26 21 66
26 22 39
26 23 151
26 24 95
26 25 24
26 27 37
26 28 123
26 29 157
26 30 81
26 34 39
26 35 39
26 37 64
26 39 134
26 40 80
26 42 99
26 43 46
26 46 101
26 47 94
26 48 133
26 49 111
26 50 129
26 51 113
26 53 77
26 55 147
26 57 107
26 58 150
26 59 132
26 61 158
26 63 97
26 65 47
26 69 123
26 73 30
26 75 21
26 77 129
26 80 139
26 81 53
26 82 158
26 85 132
26 86 56
26 87 149
26 88 159
26 89 104
26 91 28
26 94 60
26 96 81
26 97 97
26 98 136
26 103 137
26 105 117
26 106 127
26 107 149
26 108 148
26 109 86
26 110 137
26 114 152
26 115 33
26 123 136
26 124 116
26 125 28
26 126 33
26 128 117
26 130 142
26 131 98
26 132 90
26 133 141
26 134 20
26 138 101
26 139 95
26 140 33
26 141 134
26 145 96
26 t 50
27 3 101
27 5 25
27 8 128
27 10 38
27 11 120
27 14 21
27 15 78
27 16 33
27 17 26
27 19 141
27 20 22
27 24 101
27 26 37
27 28 112
27 29 108
27 30 19
27 31 50
27 32 134
27 34 97
27 36 98
27 37 40
27 38 81
27 40 73
27 41 129
27 42 155
27 44 58
27 45 40
27 46 103
27 47 109
27 48 145
27 51 70
27 52 155
27 53 63
27 54 82
27 55 97
27 56 33
27 57 110
27 58 26
27 60 100
27 62 145
27 63 85
27 64 91
27 65 103
27 67 132
27 68 39
27 71 38
27 73 161
27 74 82
27 75 161
27 76 108
27 77 66
27 78 51
27 83 145
27 84 82
27 86 146
27 88 120
27 89 152
27 92 28
27 93 56
27 94 154
27 95 24
27 97 150
27 99 149
27 100 40
27 101 82
27 104 77
27 105 150
27 109 49
27 111 28
27 114 60
27 115 78
27 117 42
27 118 114
27 119 73
27 120 81
27 122 21
27 123 158
27 124 83
27 125 150
27 126 95
27 130 131
27 131 77
27 134 141
27 135 80
27 136 25
27 143 156
27 144 142
28 1 43
28 5 130
28 6 153
28 7 158
28 8 115
28 10 114
28 11 109
28 12 55
28 13 20
28 14 22
28 16 134
28 17 101
28 18 27
28 19 98
28 20 145
28 22 105
28 23 42
28 24 163
28 26 123
28 27 112
28 31 108
28 32 127
28 34 145
28 35 110
28 39 84
28 40 19
28 41 30
28 43 112
28 45 164
28 46 89
28 47 34
28 48 59
28 49 119
28 51 132
28 53 95
28 54 86
28 55 120
28 57 84
28 59 149
28 60 92
28 61 90
28 62 137
28 63 91
28 64 74
28 65 152
28 66 70
28 67 95
28 71 160
28 73 120
28 74 22
28 75 145
28 76 70
28 78 78
28 79 121
28 80 105
28 81 102
28 82 124
28 83 67
28 84 31
28 86 58
28 87 149
28 88 142
28 90 61
28 93 20
28 94 19
28 97 72
28 99 67
28 100 124
28 102 76
28 104 142
28 106 148
28 107 147
28 110 152
28 111 54
28 113 128
28 114 28
28 115 82
28 118 78
28 127 23
28 129 154
28 131 61
28 133 144
28 134 72
28 135 74
28 137 56
28 138 93
28 139 75
28 140 112
28 144 133
29 1 111
29 5 86
29 6 57
29 8 90
29 9 130
29 11 42
29 12 143
29 15 163
29 16 136
29 18 65
29 19 43
29 21 134
29 24 60
29 26 157
29 27 108
29 30 108
29 32 70
29 34 123
29 35 21
29 37 121
29 38 42
29 41 116
29 42 35
29 43 53
29 44 110
29 46 22
29 48 26
29 52 59
29 55 33
29 57 132
29 58 104
29 60 126
29 61 50
29 63 138
29 64 42
29 67 114
29 68 134
29 71 134
29 74 152
29 75 122
29 79 57
29 80 85
29 81 127
29 83 37
29 84 46
29 85 36
29 87 121
29 88 20
29 93 35
29 95 109
29 96 43
29 97 105
29 98 53
29 100 165
29 101 58
29 104 68
29 105 28
29 111 96
29 112 140
29 116 162
29 118 122
29 119 54
29 120 32
29 124 131
29 125 73
29 126 53
29 128 88
29 129 24
29 133 138
29 136 60
29 137 146
29 140 29
29 142 99
29 143 105
29 145 116
30 5 40
30 9 100
30 15 140
30 17 107
30 18 135
30 21 115
30 22 23
30 26 81
30 27 19
30 29 108
30 31 137
30 32 122
30 34 107
30 35 24
30 37 164
30 38 63
30 39 110
30 40 163
30 43 69
30 44 77
30 48 30
30 49 132
30 50 88
30 51 68
30 52 65
30 54 139
30 55 76
30 56 90
30 57 147
30 58 74
30 59 90
30 60 75
30 63 31
30 64 80
30 71 79
30 72 31
30 73 73
30 74 160
30 77 143
30 78 76
30 80 32
30 81 138
30 84 30
30 85 155
30 88 77
30 89 125
30 90 100
30 94 141
30 95 117
30 96 54
30 97 86
30 98 87
30 99 161
30 100 34
30 101 111
30 103 109
30 105 102
30 107 86
30 109 145
30 110 77
30 111 98
30 112 152
30 113 38
30 114 32
30 115 119
30 117 54
30 118 148
30 119 90
30 121 77
30 123 159
30 125 75
30 127 124
30 129 155
30 130 147
30 133 70
30 136 73
30 137 26
30 138 111
30 140 145
30 141 165
30 143 50
30 144 86
30 145 75
30 t 126
31 2 100
31 6 63
31 8 140
31 10 142
31 11 88
31 12 30
31 13 88
31 14 137
31 16 111
31 17 28
31 21 161
31 22 19
31 27 50
31 28 108
31 30 137
31 34 138
31 35 162
31 37 43
31 39 38
31 42 33
31 43 47
31 46 36
31 47 90
31 49 27
31 52 47
31 53 54
31 55 110
31 56 148
31 57 62
31 59 121
31 60 31
31 61 77
31 63 141
31 64 111
31 65 84
31 66 78
31 69 71
31 70 138
31 72 106
31 73 147
31 76 150
31 77 131
31 78 129
31 79 56
31 83 70
31 84 156
31 85 20
31 86 22
31 90 84
31 91 129
31 93 35
31 96 147
31 98 109
31 99 103
31 100 72
31 101 47
31 103 150
31 104 134
31 105 65
31 106 129
31 107 150
31 108 123
31 110 61
31 111 128
31 113 126
31 115 25
31 118 119
31 119 98
31 120 87
31 121 42
31 122 65
31 124 69
31 127 60
31 128 94
31 131 97
31 133 165
31 134 123
31 135 134
31 137 149
31 140 120
31 141 161
31 142 138
31 143 158
31 144 145
31 145 112
31 t 139
32 1 59
32 3 132
32 4 142
32 5 153
32 6 108
32 7 117
32 8 161
32 9 48
32 10 53
32 11 133
32 14 153
32 15 61
32 16 23
32 18 88
32 19 31
32 20 38
32 24 93
32 27 134
32 28 127
32 29 70
32 30 122
32 33 51
32 34 153
32 35 52
32 38 139
32 39 92
32 40 83
32 41 40
32 43 20
32 44 39
32 46 126
32 53 127
32 54 138
32 56 72
32 58 41
32 59 124
32 61 80
32 62 147
32 64 120
32 65 69
32 68 106
32 69 59
32 71 143
32 72 155
32 74 94
32 75 37
32 76 110
32 78 102
32 79 117
32 80 71
32 81 125
32 82 77
32 85 162
32 90 32
32 93 45
32 94 70
32 97 125
32 99 64
32 102 46
32 105 96
32 106 138
32 108 82
32 109 92
32 111 29
32 112 39
32 114 38
32 117 81
32 118 116
32 120 75
32 123 142
32 124 154
32 128 72
32 130 111
32 134 123
32 139 27
32 141 94
32 143 159
32 144 25
32 145 164
32 t 113
33 1 147
33 2 93
33 3 149
33 4 69
33 5 34
33 6 118
33 8 28
33 10 128
33 15 72
33 17 139
33 18 156
33 19 23
33 22 108
33 25 54
33 32 51
33 34 22
33 36 87
33 39 116
33 42 58
33 43 27
33 44 106
33 47 26
33 48 70
33 49 66
33 51 29
33 53 107
33 54 92
33 55 107
33 57 107
33 58 43
33 59 24
33 60 46
33 63 89
33 64 39
33 65 51
33 66 93
33 67 74
33 68 135
33 69 117
33 70 55
33 73 41
33 75 61
33 78 105
33 80 61
33 82 164
33 83 153
33 84 102
33 85 105
33 86 62
33 87 81
33 88 128
33 89 66
33 90 30
33 92 45
33 93 161
33 94 63
33 95 21
33 97 33
33 98 147
33 99 111
33 101 139
33 103 99
33 107 28
33 108 126
33 109 36
33 110 100
33 112 66
33 113 85
33 116 113
33 117 145
33 118 70
33 120 138
33 121 143
33 123 27
33 125 88
33 126 32
33 128 163
33 129 41
33 130 59
33 132 41
33 133 69
33 136 87
33 137 53
33 144 112
33 145 72
34 1 164
34 3 48
34 4 129
34 5 117
34 6 91
34 9 112
34 10 40
34 11 65
34 12 21
34 13 82
34 17 62
34 20 115
34 24 107
34 25 114
34 26 39
34 27 97
34 28 145
34 29 123
34 30 107
34 31 138
34 32 153
34 33 22
34 38 158
34 39 83
34 41 98
34 46 159
34 48 146
34 50 124
34 51 107
34 52 143
34 54 122
34 55 141
34 57 92
34 58 73
34 59 91
34 61 73
34 63 110
34 64 139
34 65 29
34 67 53
34 68 73
34 69 47
34 70 105
34 71 93
34 73 112
34 75 37
34 76 130
34 78 69
34 79 152
34 80 117
34 81 147
34 82 130
34 84 31
34 85 48
34 86 147
34 90 99
34 93 54
34 97 75
34 99 136
34 100 164
34 101 84
34 102 27
34 103 24
34 105 108
34 108 85
34 109 73
34 110 64
34 113 54
34 115 74
34 117 79
34 120 92
34 121 34
34 122 89
34 123 149
34 125 157
34 126 68
34 128 62
34 129 148
34 131 138
34 132 62
34 133 124
34 135 79
34 140 50
34 141 161
34 142 35
35 1 24
35 2 26
35 3 110
35 4 64
35 6 145
35 7 57
35 9 49
35 11 68
35 12 128
35 13 126
35 15 159
35 16 160
35 20 137
35 21 66
35 22 77
35 24 23
35 25 137
35 26 39
35 28 110
35 29 21
35 30 24
35 31 162
35 32 52
35 36 61
35 38 118
35 39 23
35 42 71
35 43 40
35 45 55
35 47 161
35 49 142
35 50 163
35 51 119
35 52 35
35 53 47
35 54 57
35 55 104
35 57 109
35 58 127
35 60 157
35 61 127
35 64 156
35 65 41
35 66 78
35 68 98
35 71 81
35 73 105
35 75 36
35 76 128
35 77 123
35 79 77
35 80 46
35 81 39
35 84 116
35 86 70
35 92 107
35 94 64
35 96 151
35 98 159
35 101 81
35 102 38
35 104 162
35 105 77
35 106 162
35 109 64
35 110 135
35 112 45
35 113 162
35 116 37
35 117 58
35 118 122
35 120 110
35 124 125
35 125 93
35 127 130
35 129 111
35 130 90
35 132 161
35 133 126
35 134 145
35 135 29
35 139 105
35 140 148
35 141 23
35 143 150
35 144 128
36 1 44
36 2 20
36 3 148
36 4 61
36 5 151
36 6 161
36 7 81
36 8 141
36 11 109
36 13 115
36 15 57
36 16 129
36 17 60
36 20 143
36 21 37
36 22 53
36 24 77
36 27 98
36 33 87
36 35 61
36 38 135
36 39 73
36 40 125
36 41 113
36 42 152
36 43 127
36 44 88
36 47 73
36 48 51
36 49 77
36 51 88
36 52 38
36 53 165
36 54 160
36 59 30
36 60 99
36 63 128
36 68 97
36 69 62
36 70 52
36 71 160
36 72 145
36 74 163
36 75 65
36 76 30
36 78 127
36 79 24
36 81 98
36 83 158
36 84 78
36 85 79
36 86 97
36 87 133
36 91 145
36 92 26
36 93 19
36 97 77
36 98 32
36 99 92
36 102 137
36 103 131
36 104 28
36 106 88
36 108 62
36 109 55
36 110 47
36 111 75
36 112 149
36 114 122
36 116 34
36 117 138
36 118 116
36 119 83
36 123 35
36 126 26
36 127 126
36 128 117
36 129 37
36 130 156
36 135 138
36 136 32
36 137 137
36 138 121
36 140 110
36 142 36
36 145 153
36 t 163
37 1 35
37 2 40
37 4 93
37 6 86
37 8 48
37 10 28
37 13 88
37 14 130
37 16 118
37 18 122
37 19 42
37 20 23
37 22 94
37 25 33
37 26 64
37 27 40
37 29 121
37 30 164
37 31 43
37 38 41
37 39 95
37 40 81
37 41 127
37 42 165
37 44 67
37 46 36
37 50 73
37 53 131
37 55 72
37 56 136
37 57 92
37 58 114
37 59 74
37 60 27
37 62 66
37 63 160
37 65 76
37 66 54
37 67 102
37 69 159
37 70 81
37 71 137
37 72 143
37 75 67
37 76 133
37 77 130
37 78 46
37 80 65
37 86 111
37 87 157
37 89 136
37 90 50
37 91 158
37 94 149
37 95 22
37 97 59
37 98 34
37 99 102
37 100 159
37 102 162
37 103 147
37 104 121
37 105 82
37 107 24
37 108 124
37 110 49
37 112 89
37 113 157
37 114 42
37 117 137
37 118 20
37 121 60
37 122 147
37 123 153
37 124 161
37 127 63
37 128 56
37 133 121
37 134 82
37 135 39
37 136 116
37 137 45
37 141 146
37 142 134
37 144 19
37 145 37
37 t 123
38 1 110
38 2 96
38 5 70
38 6 32
38 7 54
38 9 84
38 10 41
38 11 77
38 12 137
38 13 28
38 14 24
38 15 125
38 18 154
38 19 91
38 22 27
38 25 60
38 27 81
38 29 42
38 30 63
38 32 139
38 34 158
38 35 118
38 36 135
38 37 41
38 39 21
38 44 32
38 45 74
38 47 160
38 49 81
38 50 23
38 52 152
38 54 118
38 55 118
38 58 79
38 60 68
38 61 140
38 62 115
38 63 120
38 64 158
38 67 36
38 70 32
38 72 57
38 74 100
38 75 43
38 76 106
38 77 132
38 78 42
38 81 88
38 83 65
38 84 101
38 85 109
38 86 143
38 90 121
38 92 163
38 93 35
38 96 147
38 98 138
38 103 53
38 105 83
38 107 159
38 108 162
38 109 97
38 110 115
38 113 82
38 114 142
38 117 96
38 118 45
38 121 153
38 123 91
38 125 90
38 126 116
38 131 46
38 133 44
38 135 63
38 140 51
38 141 23
38 142 154
38 143 54
39 2 61
39 3 42
39 4 152
39 5 133
39 7 41
39 8 162
39 9 161
39 12 67
39 14 90
39 16 82
39 18 55
39 21 42
39 22 62
39 23 48
39 24 116
39 25 158
39 26 134
39 28 84
39 30 110
39 31 38
39 32 92
39 33 116
39 34 83
39 35 23
39 36 73
39 37 95
39 38 21
39 45 98
39 46 98
39 50 27
39 52 46
39 53 89
39 57 78
39 58 137
39 59 126
39 60 152
39 61 67
39 66 163
39 67 157
39 69 150
39 71 145
39 73 28
39 74 139
39 76 141
39 77 100
39 78 70
39 79 87
39 81 151
39 83 56
39 84 159
39 86 154
39 89 111
39 91 93
39 93 54
39 95 133
39 98 151
39 99 157
39 100 98
39 102 104
39 103 72
39 105 81
39 106 55
39 107 120
39 108 31
39 109 136
39 114 50
39 118 36
39 120 80
39 123 158
39 126 158
39 127 97
39 128 146
39 129 141
39 131 160
39 133 109
39 134 43
39 136 23
39 137 66
39 138 107
39 139 60
39 141 100
39 145 76
39 t 45
40 3 65
40 4 70
40 5 59
40 7 124
40 8 88
40 9 128
40 10 31
40 12 161
40 14 68
40 15 103
40 17 27
40 19 42
40 23 95
40 25 131
40 26 80
40 27 73
40 28 19
40 30 163
40 32 83
40 36 125
40 37 81
40 41 80
40 42 33
40 43 38
40 44 165
40 51 93
40 53 116
40 54 94
40 55 44
40 56 84
40 59 27
40 60 136
40 62 68
40 65 61
40 66 21
40 67 132
40 69 133
40 70 126
40 71 105
40 72 32
40 75 23
40 78 66
40 80 131
40 83 58
40 85 71
40 86 39
40 87 130
40 89 30
40 91 88
40 94 117
40 97 134
40 99 32
40 101 53
40 102 40
40 103 87
40 106 111
40 109 153
40 110 32
40 111 142
40 114 121
40 115 126
40 116 52
40 118 84
40 121 52
40 124 93
40 125 159
40 127 57
40 129 129
40 130 82
40 131 127
40 133 88
40 135 117
40 137 118
40 138 37
40 139 116
40 140 31
40 141 92
40 142 53
40 143 104
40 145 72
41 3 75
41 4 53
41 5 114
41 9 105
41 10 91
41 11 26
41 12 139
41 14 148
41 15 162
41 18 60
41 19 45
41 21 140
41 22 27
41 23 112
41 27 129
41 28 30
41 29 116
41 32 40
41 34 98
41 36 113
41 37 127
41 40 80
41 42 142
41 44 41
41 45 133
41 46 102
41 47 98
41 48 159
41 50 71
41 51 159
41 52 36
41 54 25
41 55 126
41 56 29
41 57 66
41 60 47
41 62 129
41 64 93
41 67 33
41 69 146
41 70 133
41 71 121
41 72 54
41 73 87
41 74 110
41 77 105
41 80 131
41 81 154
41 83 132
41 84 31
41 86 23
41 87 140
41 90 144
41 93 34
41 94 105
41 97 39
41 98 144
41 100 67
41 101 51
41 102 132
41 103 140
41 104 23
41 105 42
41 106 80
41 107 116
41 108 149
41 112 40
41 114 62
41 115 26
41 116 26
41 120 142
41 121 73
41 123 148
41 126 89
41 127 151
41 131 149
41 132 121
41 134 146
41 135 159
41 144 144
41 145 118
41 t 119
42 1 84
42 2 40
42 3 143
42 5 140
42 6 95
42 9 98
42 10 39
42 13 65
42 15 43
42 16 159
42 17 165
42 18 106
42 19 110
42 20 107
42 21 25
42 23 43
42 25 97
42 26 99
42 27 155
42 29 35
42 31 33
42 33 58
42 35 71
42 36 152
42 37 165
42 40 33
42 41 142
42 44 122
42 46 98
42 47 129
42 48 52
42 50 122
42 52 21
42 54 69
42 56 143
42 58 102
42 59 33
42 60 51
42 61 160
42 62 79
42 63 114
42 66 47
42 67 75
42 68 138
42 70 156
42 71 136
42 72 114
42 77 31
42 78 93
42 79 88
42 80 29
42 81 67
42 82 109
42 83 158
42 84 84
42 85 88
42 87 130
42 88 67
42 90 85
42 91 30
42 94 140
42 96 55
42 97 140
42 102 48
42 103 99
42 104 133
42 107 103
42 108 65
42 109 60
42 110 104
42 111 111
42 113 83
42 116 114
42 118 117
42 120 156
42 121 100
42 122 127
42 124 68
42 125 112
42 127 61
42 129 136
42 130 124
42 133 157
42 134 144
42 137 156
42 139 113
42 141 107
42 142 165
43 2 36
43 3 138
43 4 33
43 6 92
43 9 108
43 11 51
43 12 137
43 14 117
43 15 23
43 16 36
43 17 81
43 18 80
43 19 66
43 20 132
43 21 118
43 22 97
43 23 32
43 25 48
43 26 46
43 28 112
43 29 53
43 30 69
43 31 47
43 32 20
43 33 27
43 35 40
43 36 127
43 40 38
43 44 109
43 45 89
43 47 26
43 48 50
43 50 97
43 51 162
43 54 26
43 55 47
43 56 70
43 57 72
43 58 52
43 59 48
43 60 106
43 61 154
43 66 126
43 67 82
43 69 44
43 70 37
43 71 53
43 74 145
43 76 114
43 80 141
43 81 98
43 82 133
43 84 142
43 85 54
43 87 153
43 88 32
43 90 26
43 92 101
43 94 20
43 96 92
43 98 164
43 99 58
43 101 136
43 104 113
43 106 82
43 108 146
43 109 50
43 115 27
43 116 79
43 117 85
43 119 136
43 120 27
43 121 156
43 122 158
43 124 24
43 125 140
43 126 104
43 128 49
43 129 50
43 130 36
43 132 145
43 133 116
43 135 122
43 143 23
43 145 26
43 t 83
44 1 57
44 2 87
44 4 82
44 8 89
44 10 59
44 11 121
44 12 76
44 14 133
44 15 63
44 16 37
44 17 70
44 18 24
44 19 92
44 20 158
44 21 136
44 22 144
44 23 123
44 24 163
44 27 58
44 29 110
44 30 77
44 32 39
44 33 106
44 36 88
44 37 67
44 38 32
44 40 165
44 41 41
44 42 122
44 43 109
44 45 134
44 46 114
44 48 130
44 49 76
44 52 20
44 54 31
44 59 157
44 61 20
44 63 33
44 64 49
44 65 158
44 70 73
44 74 137
44 75 62
44 78 75
44 80 38
44 81 85
44 82 141
44 85 87
44 86 30
44 87 77
44 88 84
44 89 119
44 91 59
44 93 99
44 96 119
44 97 23
44 98 137
44 100 112
44 101 136
44 103 143
44 104 100
44 105 76
44 107 135
44 109 149
44 110 33
44 111 75
44 114 49
44 118 107
44 119 115
44 122 143
44 123 153
44 124 33
44 126 152
44 128 22
44 130 77
44 132 124
44 133 98
44 134 40
44 136 23
44 139 144
44 140 74
44 141 33
44 143 127
44 144 149
44 145 90
44 t 126
45 2 85
45 3 44
45 4 55
45 5 105
45 8 157
45 9 27
45 12 88
45 17 27
45 20 65
45 21 99
45 24 22
45 27 40
45 28 164
45 35 55
45 38 74
45 39 98
45 41 133
45 43 89
45 44 134
45 46 134
45 47 78
45 48 109
45 49 95
45 50 142
45 51 101
45 52 74
45 55 140
45 56 28
45 58 25
45 60 23
45 61 21
45 62 114
45 63 73
45 64 22
45 66 149
45 69 100
45 70 92
45 71 152
45 72 33
45 73 73
45 74 72
45 75 27
45 77 148
45 78 75
45 81 82
45 82 96
45 83 51
45 84 100
45 85 74
45 86 138
45 87 108
45 89 157
45 90 35
45 91 31
45 92 40
45 93 124
45 95 84
45 96 161
45 98 33
45 100 131
45 101 162
45 102 88
45 103 28
45 106 86
45 107 97
45 108 129
45 109 20
45 110 96
45 112 162
45 113 66
45 114 148
45 116 97
45 118 133
45 120 40
45 121 130
45 123 143
45 124 142
45 127 32
45 128 86
45 129 28
45 130 110
45 133 119
45 134 59
45 136 107
45 139 39
45 140 129
45 142 55
45 143 106
45 144 132
46 1 19
46 3 100
46 4 165
46 5 136
46 6 64
46 7 160
46 8 105
46 9 119
46 10 37
46 11 46
46 19 108
46 21 88
46 22 63
46 23 118
46 25 161
46 26 101
46 27 103
46 28 89
46 29 22
46 31 36
46 32 126
46 34 159
46 37 36
46 39 98
46 41 102
46 42 98
46 44 114
46 45 134
46 47 148
46 48 46
46 49 66
46 51 47
46 52 52
46 54 164
46 55 137
46 58 97
46 59 90
46 60 146
46 61 35
46 66 125
46 68 162
46 70 158
46 71 40
46 72 77
46 73 41
46 77 20
46 80 52
46 83 153
46 84 141
46 87 34
46 88 124
46 89 42
46 90 41
46 91 104
46 92 100
46 95 91
46 96 52
46 97 112
46 99 94
46 101 140
46 103 149
46 104 25
46 106 50
46 107 161
46 109 89
46 114 99
46 118 57
46 119 24
46 120 40
46 121 42
46 124 61
46 126 141
46 127 93
46 128 94
46 131 135
46 132 144
46 133 25
46 134 141
46 135 120
46 138 47
46 140 73
46 141 121
46 142 114
47 1 116
47 2 64
47 3 104
47 6 30
47 8 94
47 9 82
47 13 101
47 15 160
47 16 50
47 18 94
47 19 132
47 20 141
47 21 143
47 22 108
47 23 19
47 25 27
47 26 94
47 27 109
47 28 34
47 31 90
47 33 26
47 35 161
47 36 73
47 38 160
47 41 98
47 42 129
47 43 26
47 45 78
47 46 148
47 48 112
47 51 148
47 52 56
47 54 30
47 55 136
47 58 148
47 59 78
47 60 160
47 65 161
47 66 101
47 67 70
47 72 45
47 73 131
47 80 64
47 81 160
47 85 159
47 87 160
47 88 70
47 89 30
47 91 89
47 92 92
47 93 31
47 95 152
47 96 160
47 98 127
47 99 56
47 100 88
47 102 62
47 104 139
47 105 55
47 106 53
47 107 126
47 108 46
47 109 143
47 111 116
47 112 34
47 113 113
47 114 101
47 116 153
47 119 111
47 120 130
47 121 61
47 122 140
47 123 32
47 124 161
47 126 124
47 127 23
47 128 113
47 129 148
47 130 160
47 131 86
47 133 79
47 135 143
47 136 46
47 137 164
47 139 26
47 140 141
47 145 162
48 4 56
48 6 62
48 7 21
48 8 102
48 9 120
48 11 33
48 16 19
48 18 53
48 20 79
48 21 68
48 24 85
48 25 123
48 26 133
48 27 145
48 28 59
48 29 26
48 30 30
48 33 70
48 34 146
48 36 51
48 41 159
48 42 52
48 43 50
48 44 130
48 45 109
48 46 46
48 47 112
48 49 85
48 50 19
48 51 85
48 53 155
48 54 110
48 57 50
48 58 84
48 61 141
48 63 67
48 64 124
48 66 67
48 67 84
48 68 135
48 69 40
48 71 41
48 74 142
48 76 133
48 79 95
48 80 96
48 81 95
48 85 160
48 86 109
48 88 41
48 89 84
48 90 141
48 91 136
48 92 19
48 94 92
48 95 69
48 96 46
48 97 87
48 98 34
48 104 25
48 105 22
48 108 152
48 109 69
48 110 137
48 112 146
48 115 74
48 116 20
48 118 87
48 119 143
48 121 131
48 122 162
48 123 47
48 125 77
48 127 163
48 128 112
48 129 130
48 130 83
48 134 106
48 137 111
48 138 28
48 140 124
48 142 65
48 145 51
49 2 57
49 4 34
49 5 111
49 8 115
49 10 65
49 12 63
49 17 126
49 19 88
49 20 92
49 22 102
49 23 101
49 24 19
49 25 68
49 26 111
49 28 119
49 30 132
49 31 27
49 33 66
49 35 142
49 36 77
49 38 81
49 44 76
49 45 95
49 46 66
49 48 85
49 50 82
49 52 96
49 54 113
49 55 35
49 57 155
49 58 127
49 60 88
49 61 132
49 66 71
49 67 162
49 68 48
49 72 125
49 73 89
49 76 104
49 77 164
49 79 48
49 80 43
49 83 164
49 84 69
49 85 26
49 88 83
49 91 107
49 92 97
49 93 164
49 95 161
49 96 35
49 100 140
49 101 150
49 102 65
49 103 160
49 106 25
49 108 19
49 109 89
49 110 40
49 111 158
49 112 60
49 113 61
49 114 51
49 115 142
49 119 94
49 120 142
49 121 103
49 125 48
49 126 70
49 127 160
49 129 145
49 130 21
49 131 90
49 132 119
49 134 96
49 136 121
49 137 37
49 138 115
49 139 137
49 141 140
49 142 67
49 143 156
49 144 105
50 1 114
50 3 159
50 4 154
50 5 80
50 6 98
50 7 108
50 8 88
50 11 118
50 12 152
50 13 152
50 18 113
50 20 145
50 22 159
50 24 147
50 26 129
50 30 88
50 34 124
50 35 163
50 37 73
50 38 23
50 39 27
50 41 71
50 42 122
50 43 97
50 45 142
50 48 19
50 49 82
50 51 143
50 52 120
50 55 68
50 59 64
50 60 130
50 61 111
50 62 33
50 64 49
50 65 138
50 66 95
50 67 29
50 69 24
50 70 142
50 74 121
50 75 158
50 76 48
50 79 59
50 80 53
50 81 115
50 82 120
50 83 65
50 84 156
50 85 79
50 87 42
50 89 86
50 90 107
