s 1 44
s 2 80
s 9 59
s 10 40
s 11 96
s 14 33
s 15 12
s 16 83
s 17 41
s 18 101
s 20 49
s t 109
1 7 94
1 8 37
1 9 69
1 11 108
1 12 94
1 14 88
1 15 77
1 16 89
1 20 104
1 t 27
2 4 55
2 6 60
2 8 92
2 9 75
2 10 87
2 12 105
2 14 44
2 19 57
2 t 64
3 6 87
3 7 49
3 11 106
3 14 12
3 16 49
3 17 95
3 20 75
3 t 109
4 2 55
4 6 115
4 7 87
4 8 86
4 10 65
4 13 29
4 15 96
4 16 25
4 17 47
4 18 87
4 19 66
5 10 89
5 15 14
6 2 60
6 3 87
6 4 115
6 7 30
6 10 30
6 16 38
6 18 83
6 19 24
6 20 15
6 t 34
7 1 94
7 3 49
7 4 87
7 6 30
7 8 21
7 11 67
7 14 115
7 17 42
7 18 61
7 19 46
7 20 55
8 1 37
8 2 92
8 4 86
8 7 21
8 11 27
8 12 64
8 13 37
8 14 38
8 16 81
8 17 18
8 18 73
8 t 12
9 1 69
9 2 75
9 11 116
9 13 14
9 20 14
9 t 20
10 2 87
10 4 65
10 5 89
10 6 30
10 13 35
10 16 112
10 17 63
10 18 48
11 1 108
11 3 106
11 7 67
11 8 27
11 9 116
11 14 37
11 15 78
11 16 20
11 19 14
11 t 19
12 1 94
12 2 105
12 8 64
12 16 78
12 18 21
12 20 14
13 4 29
13 8 37
13 9 14
13 10 35
13 14 19
13 18 29
13 20 34
14 1 88
14 2 44
14 3 12
14 7 115
14 8 38
14 11 37
14 13 19
14 15 47
15 1 77
15 4 96
15 5 14
15 11 78
15 14 47
15 16 41
15 17 83
15 19 78
16 1 89
16 3 49
16 4 25
16 6 38
16 8 81
16 10 112
16 11 20
16 12 78
16 15 41
16 17 97
16 t 20
17 3 95
17 4 47
17 7 42
17 8 18
17 10 63
17 15 83
17 16 97
17 20 43
17 t 112
18 4 87
18 6 83
18 7 61
18 8 73
18 10 48
18 12 21
18 13 29
18 20 55
19 2 57
19 4 66
19 6 24
19 7 46
19 11 14
19 15 78
20 1 104
20 3 75
20 6 15
20 7 55
20 9 14
20 12 14
20 13 34
20 17 43
20 18 55
