s 1 20
s 2 22
s 3 31
s 4 30
s 5 17
s 6 32
s 7 12
s 8 26
s 9 23
s 10 30
s 11 26
s 12 36
s 14 32
s t 33
1 4 23
1 5 13
1 7 23
1 8 24
1 9 30
1 13 23
1 14 33
1 15 38
2 3 14
2 4 18
2 5 29
2 7 27
2 8 14
2 10 29
2 11 29
2 12 9
2 13 24
2 t 37
3 2 14
3 5 34
3 6 29
3 9 39
3 10 11
3 11 20
3 12 12
3 13 28
3 t 9
4 1 23
4 2 18
4 6 22
4 7 31
4 8 34
4 11 40
4 12 38
4 14 11
4 15 23
4 t 39
5 1 13
5 2 29
5 3 34
5 7 41
5 8 27
5 10 42
5 12 39
5 13 29
5 14 33
5 15 17
5 t 30
6 3 29
6 4 22
6 7 31
6 9 10
6 10 37
6 11 25
6 13 25
6 14 19
6 15 24
6 t 37
7 1 23
7 2 27
7 4 31
7 5 41
7 6 31
7 8 12
7 10 37
7 11 22
7 12 15
7 13 9
7 15 17
7 t 28
8 1 24
8 2 14
8 4 34
8 5 27
8 7 12
8 9 16
8 10 21
8 13 40
8 14 28
8 15 27
8 t 36
9 1 30
9 3 39
9 6 10
9 8 16
9 10 24
9 11 12
9 13 22
9 14 12
9 15 8
9 t 36
10 2 29
10 3 11
10 5 42
10 6 37
10 7 37
10 8 21
10 9 24
10 11 28
10 12 40
10 13 21
10 14 12
10 15 17
10 t 24
11 2 29
11 3 20
11 4 40
11 6 25
11 7 22
11 9 12
11 10 28
11 12 8
11 13 40
11 15 18
11 t 40
12 2 9
12 3 12
12 4 38
12 5 39
12 7 15
12 10 40
12 11 8
12 14 37
13 1 23
13 2 24
13 3 28
13 5 29
13 6 25
13 7 9
13 8 40
13 9 22
13 10 21
13 11 40
13 14 9
14 1 33
14 4 11
14 5 33
14 6 19
14 8 28
14 9 12
14 10 12
14 12 37
14 13 9
14 15 24
14 t 17
15 1 38
15 4 23
15 5 17
15 6 24
15 7 17
15 8 27
15 9 8
15 10 17
15 11 18
15 14 24
15 t 29
