s 1 13
s 2 64
s 3 71
s 4 25
s 5 33
s 8 70
s 9 50
s 10 39
s 11 21
s 12 36
s 14 60
1 2 57
1 3 67
1 4 17
1 6 49
1 9 57
1 10 6
1 11 7
1 13 16
1 15 26
1 t 64
2 1 57
2 3 60
2 4 7
2 5 19
2 6 11
2 9 63
2 10 50
2 13 22
3 1 67
3 2 60
3 4 60
3 5 54
3 6 31
3 9 27
3 11 23
3 12 57
3 14 44
3 15 66
3 t 57
4 1 17
4 2 7
4 3 60
4 5 47
4 9 68
4 10 21
4 11 14
4 13 22
4 14 57
4 15 48
4 t 69
5 2 19
5 3 54
5 4 47
5 7 52
5 8 58
5 10 52
5 11 16
5 13 17
5 15 21
5 t 19
6 1 49
6 2 11
6 3 31
6 10 46
6 11 16
6 12 58
6 15 44
6 t 27
7 5 52
7 8 60
7 11 13
7 12 56
7 14 33
8 5 58
8 7 60
8 9 38
8 10 45
8 11 68
8 15 59
8 t 13
9 1 57
9 2 63
9 3 27
9 4 68
9 8 38
9 11 8
9 12 29
9 14 49
10 1 6
10 2 50
10 4 21
10 5 52
10 6 46
10 8 45
10 11 33
10 13 58
10 14 39
10 15 8
10 t 66
11 1 7
11 3 23
11 4 14
11 5 16
11 6 16
11 7 13
11 8 68
11 9 8
11 10 33
11 12 36
11 13 8
11 14 23
11 15 16
11 t 18
12 3 57
12 6 58
12 7 56
12 9 29
12 11 36
12 13 15
12 t 34
13 1 16
13 2 22
13 4 22
13 5 17
13 10 58
13 11 8
13 12 15
13 15 53
13 t 28
14 3 44
14 4 57
14 7 33
14 9 49
14 10 39
14 11 23
14 15 47
14 t 16
15 1 26
15 3 66
15 4 48
15 5 21
15 6 44
15 8 59
15 10 8
15 11 16
15 13 53
15 14 47
15 t 42
