s 2 139
s 3 79
s 6 124
s 10 28
s 11 16
s 12 104
s 14 151
s 15 77
s 16 35
s 18 23
s 19 14
s 20 164
s 24 113
s 25 38
1 3 163
1 7 63
1 8 38
1 10 123
1 11 46
1 14 161
1 18 138
2 3 67
2 4 146
2 5 72
2 6 46
2 10 61
2 11 119
2 12 108
2 15 21
2 16 121
2 18 27
2 19 162
2 21 104
2 23 107
2 24 29
2 25 103
2 t 165
3 1 163
3 2 67
3 5 71
3 6 118
3 10 116
3 11 147
3 12 157
3 17 14
3 19 131
3 20 155
4 2 146
4 5 67
4 6 19
4 7 131
4 9 125
4 10 124
4 12 105
4 16 129
4 18 160
4 20 143
4 22 57
4 23 131
4 24 27
4 25 82
5 2 72
5 3 71
5 4 67
5 6 92
5 8 132
5 9 94
5 12 25
5 15 102
5 16 125
5 19 62
5 20 62
5 22 136
5 24 112
5 25 41
5 t 42
6 2 46
6 3 118
6 4 19
6 5 92
6 7 115
6 9 42
6 13 15
6 15 64
6 18 53
6 19 67
6 23 53
6 t 111
7 1 63
7 4 131
7 6 115
7 8 42
7 9 160
7 10 101
7 12 122
7 13 28
7 15 115
7 18 131
7 20 125
7 21 104
7 23 154
7 24 165
7 25 137
7 t 108
8 1 38
8 5 132
8 7 42
8 9 109
8 11 100
8 15 105
8 16 69
8 18 131
8 19 60
8 20 109
8 21 79
8 23 72
8 24 124
8 t 34
9 4 125
9 5 94
9 6 42
9 7 160
9 8 109
9 10 137
9 11 35
9 12 48
9 13 97
9 18 17
9 19 145
10 1 123
10 2 61
10 3 116
10 4 124
10 7 101
10 9 137
10 11 72
10 13 113
10 14 137
10 16 99
10 17 31
10 19 16
10 21 123
10 22 112
10 23 152
10 25 99
11 1 46
11 2 119
11 3 147
11 8 100
11 9 35
11 10 72
11 13 69
11 14 132
11 22 79
11 23 145
12 2 108
12 3 157
12 4 105
12 5 25
12 7 122
12 9 48
12 16 56
12 18 162
12 19 154
12 22 158
12 23 37
12 25 152
13 6 15
13 7 28
13 9 97
13 10 113
13 11 69
13 15 113
13 16 88
13 18 116
13 20 164
13 24 55
13 t 150
14 1 161
14 10 137
14 11 132
14 21 153
14 25 33
15 2 21
15 5 102
15 6 64
15 7 115
15 8 105
15 13 113
15 16 58
15 18 28
15 19 112
15 21 39
15 23 100
16 2 121
16 4 129
16 5 125
16 8 69
16 10 99
16 12 56
16 13 88
16 15 58
16 17 48
16 19 22
16 25 19
17 3 14
17 10 31
17 16 48
17 18 151
17 23 147
17 25 164
17 t 105
18 1 138
18 2 27
18 4 160
18 6 53
18 7 131
18 8 131
18 9 17
18 12 162
18 13 116
18 15 28
18 17 151
18 20 68
18 21 136
18 22 146
18 24 100
18 t 143
19 2 162
19 3 131
19 5 62
19 6 67
19 8 60
19 9 145
19 10 16
19 12 154
19 15 112
19 16 22
19 20 122
19 22 120
19 t 85
20 3 155
20 4 143
20 5 62
20 7 125
20 8 109
20 13 164
20 18 68
20 19 122
20 22 48
20 24 155
20 25 121
21 2 104
21 7 104
21 8 79
21 10 123
21 14 153
21 15 39
21 18 136
21 24 144
22 4 57
22 5 136
22 10 112
22 11 79
22 12 158
22 18 146
22 19 120
22 20 48
22 24 110
23 2 107
23 4 131
23 6 53
23 7 154
23 8 72
23 10 152
23 11 145
23 12 37
23 15 100
23 17 147
23 24 136
23 t 113
24 2 29
24 4 27
24 5 112
24 7 165
24 8 124
24 13 55
24 18 100
24 20 155
24 21 144
24 22 110
24 23 136
25 2 103
25 4 82
25 5 41
25 7 137
25 10 99
25 12 152
25 14 33
25 16 19
25 17 164
25 20 121
