s 1 98
s 3 149
s 4 11
s 5 43
s 7 132
s 9 122
s 10 86
s 12 167
s 13 28
s 14 111
s 17 98
s 18 124
s 19 77
s 20 67
s 22 50
s 23 61
s 28 177
s 29 98
s 30 63
s 31 116
s 33 106
s 34 180
s 36 115
s 37 22
s 38 119
s 39 49
s 40 7
s 41 155
s 44 60
s t 125
1 3 172
1 4 93
1 5 54
1 6 48
1 7 81
1 11 141
1 17 8
1 18 120
1 20 16
1 27 109
1 28 180
1 29 61
1 30 114
1 32 182
1 33 177
1 34 14
1 36 111
1 37 45
1 41 8
1 43 111
1 t 174
2 3 37
2 5 70
2 6 114
2 7 122
2 8 171
2 9 169
2 10 9
2 15 99
2 16 46
2 17 24
2 22 60
2 23 48
2 25 20
2 26 124
2 28 81
2 29 57
2 32 163
2 33 154
2 34 173
2 37 57
2 40 171
2 42 160
2 43 87
2 44 157
2 t 137
3 1 172
3 2 37
3 4 132
3 6 173
3 7 158
3 8 81
3 9 40
3 10 134
3 11 60
3 12 113
3 13 12
3 15 150
3 16 152
3 17 97
3 18 46
3 21 156
3 22 133
3 23 142
3 28 45
3 29 45
3 33 174
3 35 21
3 36 83
3 37 69
3 40 52
3 41 184
3 43 154
4 1 93
4 3 132
4 5 134
4 7 97
4 8 140
4 9 10
4 10 104
4 11 126
4 12 152
4 15 155
4 16 33
4 17 105
4 18 86
4 19 153
4 21 40
4 22 181
4 23 69
4 25 14
4 26 86
4 28 52
4 31 177
4 32 82
4 33 123
4 34 40
4 35 165
4 38 34
4 40 73
4 43 173
4 44 107
4 t 80
5 1 54
5 2 70
5 4 134
5 6 109
5 7 23
5 10 23
5 12 169
5 13 159
5 15 50
5 17 57
5 18 34
5 19 142
5 20 161
5 22 155
5 24 123
5 25 144
5 27 25
5 28 139
5 29 170
5 30 127
5 31 153
5 32 164
5 34 16
5 35 99
5 38 165
5 39 158
5 40 73
5 41 97
5 43 161
5 44 73
5 t 151
6 1 48
6 2 114
6 3 173
6 5 109
6 7 75
6 8 46
6 10 115
6 12 62
6 13 148
6 16 90
6 17 136
6 18 120
6 19 93
6 20 20
6 21 131
6 23 146
6 24 168
6 25 120
6 28 31
6 30 94
6 31 175
6 33 26
6 34 60
6 36 171
6 39 176
6 40 184
6 41 113
6 44 115
7 1 81
7 2 122
7 3 158
7 4 97
7 5 23
7 6 75
7 11 12
7 12 76
7 13 169
7 14 134
7 16 78
7 17 44
7 19 37
7 21 35
7 22 82
7 24 8
7 25 98
7 28 103
7 29 182
7 30 128
7 32 112
7 33 49
7 35 139
7 36 103
7 38 54
7 39 139
7 40 107
7 41 90
7 43 171
7 44 81
7 t 129
8 2 171
8 3 81
8 4 140
8 6 46
8 10 13
8 12 101
8 15 114
8 16 28
8 18 65
8 19 19
8 20 181
8 21 12
8 22 80
8 23 126
8 28 156
8 31 73
8 32 85
8 33 168
8 34 77
8 35 109
8 37 18
8 38 18
8 39 183
8 40 115
8 t 27
9 2 169
9 3 40
9 4 10
9 11 66
9 13 47
9 14 7
9 15 53
9 16 90
9 17 53
9 18 15
9 20 95
9 21 96
9 23 156
9 24 65
9 25 154
9 26 138
9 30 58
9 32 54
9 35 43
9 36 61
9 38 60
9 39 16
9 40 15
9 41 85
9 42 124
9 43 121
9 44 145
10 2 9
10 3 134
10 4 104
10 5 23
10 6 115
10 8 13
10 12 171
10 13 58
10 14 79
10 15 57
10 17 42
10 18 95
10 20 83
10 21 170
10 22 179
10 23 172
10 24 91
10 25 166
10 27 184
10 28 134
10 29 117
10 31 171
10 32 42
10 33 10
10 35 84
10 37 59
10 42 100
10 t 15
11 1 141
11 3 60
11 4 126
11 7 12
11 9 66
11 12 163
11 16 84
11 18 83
11 19 123
11 20 147
11 21 10
11 22 177
11 25 153
11 26 94
11 27 77
11 28 25
11 29 87
11 31 120
11 32 152
11 35 157
11 36 83
11 41 96
11 42 43
11 43 153
11 44 23
11 t 174
12 3 113
12 4 152
12 5 169
12 6 62
12 7 76
12 8 101
12 10 171
12 11 163
12 13 115
12 15 15
12 19 100
12 24 177
12 26 99
12 27 125
12 29 79
12 30 103
12 31 19
12 32 70
12 34 12
12 36 118
12 37 33
12 38 17
12 39 120
12 40 111
12 42 158
12 t 155
13 3 12
13 5 159
13 6 148
13 7 169
13 9 47
13 10 58
13 12 115
13 15 104
13 17 32
13 19 67
13 20 110
13 22 133
13 23 142
13 24 144
13 25 136
13 26 145
13 27 17
13 28 157
13 30 44
13 31 155
13 32 179
13 33 53
13 34 149
13 35 179
13 36 97
13 39 74
13 42 9
13 43 127
13 t 105
14 7 134
14 9 7
14 10 79
14 21 45
14 22 53
14 23 48
14 24 93
14 25 138
14 26 178
14 29 76
14 31 150
14 32 126
14 33 135
14 34 133
14 35 12
14 39 34
14 41 102
14 42 154
14 43 103
14 44 8
14 t 73
15 2 99
15 3 150
15 4 155
15 5 50
15 8 114
15 9 53
15 10 57
15 12 15
15 13 104
15 16 173
15 17 105
15 19 161
15 20 132
15 21 115
15 22 182
15 23 58
15 25 40
15 26 115
15 27 124
15 29 92
15 30 120
15 31 143
15 32 108
15 33 156
15 34 84
15 36 58
15 37 104
15 38 21
15 39 184
15 40 81
15 41 92
15 43 141
15 t 136
16 2 46
16 3 152
16 4 33
16 6 90
16 7 78
16 8 28
16 9 90
16 11 84
16 15 173
16 18 62
16 20 112
16 21 122
16 23 135
16 24 154
16 26 164
16 28 74
16 30 55
16 31 63
16 32 20
16 34 115
16 35 179
16 36 61
16 37 167
16 38 85
16 39 149
16 40 183
16 42 33
16 t 15
17 1 8
17 2 24
17 3 97
17 4 105
17 5 57
17 6 136
17 7 44
17 9 53
17 10 42
17 13 32
17 15 105
17 18 169
17 19 103
17 21 56
17 22 65
17 24 184
17 25 80
17 28 140
17 30 38
17 31 167
17 32 111
17 35 95
17 36 49
17 37 118
17 39 90
17 40 65
17 41 63
17 42 126
18 1 120
18 3 46
18 4 86
18 5 34
18 6 120
18 8 65
18 9 15
18 10 95
18 11 83
18 16 62
18 17 169
18 20 171
18 21 120
18 22 109
18 23 73
18 25 178
18 26 57
18 29 131
18 30 47
18 34 44
18 35 154
18 38 44
18 39 53
18 44 87
19 4 153
19 5 142
19 6 93
19 7 37
19 8 19
19 11 123
19 12 100
19 13 67
19 15 161
19 17 103
19 22 131
19 23 73
19 25 86
19 26 72
19 30 133
19 31 93
19 34 94
19 35 101
19 36 131
19 38 59
19 39 83
19 40 86
19 41 158
19 42 124
19 43 48
19 t 109
20 1 16
20 5 161
20 6 20
20 8 181
20 9 95
20 10 83
20 11 147
20 13 110
20 15 132
20 16 112
20 18 171
20 21 134
20 24 69
20 25 33
20 26 49
20 27 166
20 28 159
20 30 71
20 31 179
20 32 46
20 33 156
20 34 23
20 35 35
20 37 119
20 38 44
20 39 87
20 43 24
20 44 163
21 3 156
21 4 40
21 6 131
21 7 35
21 8 12
21 9 96
21 10 170
21 11 10
21 14 45
21 15 115
21 16 122
21 17 56
21 18 120
21 20 134
21 22 8
21 23 25
21 25 114
21 26 83
21 27 170
21 29 17
21 31 28
21 32 11
21 34 19
21 35 37
21 36 122
21 38 32
21 39 51
21 41 63
21 42 177
21 43 42
21 44 94
22 2 60
22 3 133
22 4 181
22 5 155
22 7 82
22 8 80
22 10 179
22 11 177
22 13 133
22 14 53
22 15 182
22 17 65
22 18 109
22 19 131
22 21 8
22 24 120
22 25 11
22 26 11
22 27 82
22 33 138
22 34 170
22 35 141
22 36 33
22 38 103
22 40 21
22 42 83
23 2 48
23 3 142
23 4 69
23 6 146
23 8 126
23 9 156
23 10 172
23 13 142
23 14 48
23 15 58
23 16 135
23 18 73
23 19 73
23 21 25
23 24 183
23 26 29
23 27 128
23 29 22
23 35 23
23 36 22
23 39 182
23 42 37
23 44 167
24 5 123
24 6 168
24 7 8
24 9 65
24 10 91
24 12 177
24 13 144
24 14 93
24 16 154
24 17 184
24 20 69
24 22 120
24 23 183
24 25 47
24 26 65
24 29 105
24 30 108
24 31 66
24 32 34
24 33 28
24 37 72
24 38 164
24 39 179
24 40 149
24 41 180
24 42 175
24 t 122
25 2 20
25 4 14
25 5 144
25 6 120
25 7 98
25 9 154
25 10 166
25 11 153
25 13 136
25 14 138
25 15 40
25 17 80
25 18 178
25 19 86
25 20 33
25 21 114
25 22 11
25 24 47
25 27 69
25 28 15
25 29 146
25 30 100
25 31 35
25 32 151
25 33 161
25 36 96
25 37 151
25 38 55
25 39 8
25 40 99
25 41 164
25 42 74
25 43 18
25 44 26
26 2 124
26 4 86
26 9 138
26 11 94
26 12 99
26 13 145
26 14 178
26 15 115
26 16 164
26 18 57
26 19 72
26 20 49
26 21 83
26 22 11
26 23 29
26 24 65
26 27 175
26 29 78
26 30 143
26 31 125
26 32 51
26 33 94
26 36 69
26 38 154
26 39 157
26 41 88
26 43 89
26 t 120
27 1 109
27 5 25
27 10 184
27 11 77
27 12 125
27 13 17
27 15 124
27 20 166
27 21 170
27 22 82
27 23 128
27 25 69
27 26 175
27 28 52
27 29 45
27 32 36
27 33 90
27 34 181
27 37 117
27 39 32
27 41 68
27 42 36
27 43 134
27 t 137
28 1 180
28 2 81
28 3 45
28 4 52
28 5 139
28 6 31
28 7 103
28 8 156
28 10 134
28 11 25
28 13 157
28 16 74
28 17 140
28 20 159
28 25 15
28 27 52
28 29 127
28 32 178
28 33 109
28 35 180
28 36 24
28 37 80
28 40 159
28 42 10
28 43 136
28 44 109
29 1 61
29 2 57
29 3 45
29 5 170
29 7 182
29 10 117
29 11 87
29 12 79
29 14 76
29 15 92
29 18 131
29 21 17
29 23 22
29 24 105
29 25 146
29 26 78
29 27 45
29 28 127
29 30 131
29 31 117
29 32 163
29 36 33
29 37 104
29 39 79
29 40 137
29 41 183
29 43 15
29 44 159
30 1 114
30 5 127
30 6 94
30 7 128
30 9 58
30 12 103
30 13 44
30 15 120
30 16 55
30 17 38
30 18 47
30 19 133
30 20 71
30 24 108
30 25 100
30 26 143
30 29 131
30 33 82
30 35 130
30 36 45
30 38 180
30 43 154
31 4 177
31 5 153
31 6 175
31 8 73
31 10 171
31 11 120
31 12 19
31 13 155
31 14 150
31 15 143
31 16 63
31 17 167
31 19 93
31 20 179
31 21 28
31 24 66
31 25 35
31 26 125
31 29 117
31 32 144
31 34 74
31 37 166
31 38 169
31 39 75
31 40 123
31 42 99
31 43 84
31 44 33
32 1 182
32 2 163
32 4 82
32 5 164
32 7 112
32 8 85
32 9 54
32 10 42
32 11 152
32 12 70
32 13 179
32 14 126
32 15 108
32 16 20
32 17 111
32 20 46
32 21 11
32 24 34
32 25 151
32 26 51
32 27 36
32 28 178
32 29 163
32 31 144
32 33 117
32 34 42
32 35 144
32 36 123
32 37 91
32 38 10
32 39 35
32 40 67
32 42 152
32 44 176
32 t 108
33 1 177
33 2 154
33 3 174
33 4 123
33 6 26
33 7 49
33 8 168
33 10 10
33 13 53
33 14 135
33 15 156
33 20 156
33 22 138
33 24 28
33 25 161
33 26 94
33 27 90
33 28 109
33 30 82
33 32 117
33 34 73
33 35 11
33 37 157
33 38 24
33 39 135
33 40 98
33 41 148
33 43 39
33 44 161
33 t 97
34 1 14
34 2 173
34 4 40
34 5 16
34 6 60
34 8 77
34 12 12
34 13 149
34 14 133
34 15 84
34 16 115
34 18 44
34 19 94
34 20 23
34 21 19
34 22 170
34 27 181
34 31 74
34 32 42
34 33 73
34 37 165
34 38 49
34 39 103
34 40 78
34 41 106
34 42 55
34 43 34
34 44 68
34 t 52
35 3 21
35 4 165
35 5 99
35 7 139
35 8 109
35 9 43
35 10 84
35 11 157
35 13 179
35 14 12
35 16 179
35 17 95
35 18 154
35 19 101
35 20 35
35 21 37
35 22 141
35 23 23
35 28 180
35 30 130
35 32 144
35 33 11
35 36 95
35 38 41
35 40 100
35 41 28
35 42 168
35 43 72
35 44 131
35 t 80
36 1 111
36 3 83
36 6 171
36 7 103
36 9 61
36 11 83
36 12 118
36 13 97
36 15 58
36 16 61
36 17 49
36 19 131
36 21 122
36 22 33
36 23 22
36 25 96
36 26 69
36 28 24
36 29 33
36 30 45
36 32 123
36 35 95
36 37 58
36 41 184
36 42 25
37 1 45
37 2 57
37 3 69
37 8 18
37 10 59
37 12 33
37 15 104
37 16 167
37 17 118
37 20 119
37 24 72
37 25 151
37 27 117
37 28 80
37 29 104
37 31 166
37 32 91
37 33 157
37 34 165
37 36 58
37 40 158
37 41 142
37 43 134
37 44 64
37 t 64
38 4 34
38 5 165
38 7 54
38 8 18
38 9 60
38 12 17
38 15 21
38 16 85
38 18 44
38 19 59
38 20 44
38 21 32
38 22 103
38 24 164
38 25 55
38 26 154
38 30 180
38 31 169
38 32 10
38 33 24
38 34 49
38 35 41
38 39 69
38 40 74
38 41 133
38 42 69
38 43 99
38 44 90
38 t 138
39 5 158
39 6 176
39 7 139
39 8 183
39 9 16
39 12 120
39 13 74
39 14 34
39 15 184
39 16 149
39 17 90
39 18 53
39 19 83
39 20 87
39 21 51
39 23 182
39 24 179
39 25 8
39 26 157
39 27 32
39 29 79
39 31 75
39 32 35
39 33 135
39 34 103
39 38 69
39 40 122
39 41 20
39 42 109
39 44 69
40 2 171
40 3 52
40 4 73
40 5 73
40 6 184
40 7 107
40 8 115
40 9 15
40 12 111
40 15 81
40 16 183
40 17 65
40 19 86
40 22 21
40 24 149
40 25 99
40 28 159
40 29 137
40 31 123
40 32 67
40 33 98
40 34 78
40 35 100
40 37 158
40 38 74
40 39 122
40 41 9
40 42 170
40 43 71
41 1 8
41 3 184
41 5 97
41 6 113
41 7 90
41 9 85
41 11 96
41 14 102
41 15 92
41 17 63
41 19 158
41 21 63
41 24 180
41 25 164
41 26 88
41 27 68
41 29 183
41 33 148
41 34 106
41 35 28
41 36 184
41 37 142
41 38 133
41 39 20
41 40 9
41 42 31
42 2 160
42 9 124
42 10 100
42 11 43
42 12 158
42 13 9
42 14 154
42 16 33
42 17 126
42 19 124
42 21 177
42 22 83
42 23 37
42 24 175
42 25 74
42 27 36
42 28 10
42 31 99
42 32 152
42 34 55
42 35 168
42 36 25
42 38 69
42 39 109
42 40 170
42 41 31
42 43 49
42 44 28
42 t 72
43 1 111
43 2 87
43 3 154
43 4 173
43 5 161
43 7 171
43 9 121
43 11 153
43 13 127
43 14 103
43 15 141
43 19 48
43 20 24
43 21 42
43 25 18
43 26 89
43 27 134
43 28 136
43 29 15
43 30 154
43 31 84
43 33 39
43 34 34
43 35 72
43 37 134
43 38 99
43 40 71
43 42 49
43 44 106
43 t 104
44 2 157
44 4 107
44 5 73
44 6 115
44 7 81
44 9 145
44 11 23
44 14 8
44 18 87
44 20 163
44 21 94
44 23 167
44 25 26
44 28 109
44 29 159
44 31 33
44 32 176
44 33 161
44 34 68
44 35 131
44 37 64
44 38 90
44 39 69
44 42 28
44 43 106
44 t 161
