s 2 110
s 5 108
s 6 15
s 10 126
s 11 64
s 13 40
s 15 92
s 18 98
s 19 54
s 28 89
s 30 90
s 31 125
s 32 105
s 33 126
s 35 126
s 36 90
s 43 127
s t 70
1 3 83
1 11 37
1 13 110
1 17 75
1 19 30
1 23 141
1 24 28
1 25 48
1 29 16
1 32 71
1 33 90
1 34 70
1 37 29
1 39 32
1 40 165
2 5 116
2 9 17
2 10 72
2 11 60
2 15 27
2 19 34
2 20 141
2 24 35
2 28 62
2 29 80
2 32 120
2 35 17
2 36 11
2 45 100
2 46 121
3 1 83
3 6 146
3 7 41
3 8 73
3 9 42
3 10 59
3 14 121
3 15 62
3 18 156
3 21 72
3 22 47
3 23 89
3 28 80
3 30 75
3 31 149
3 38 133
3 41 31
3 42 158
3 43 41
3 45 37
3 46 163
4 5 87
4 6 38
4 7 128
4 10 23
4 12 26
4 13 128
4 14 64
4 15 102
4 16 87
4 19 72
4 21 163
4 22 117
4 30 93
4 31 26
4 35 43
4 38 124
4 40 58
5 2 116
5 4 87
5 9 153
5 10 66
5 13 20
5 16 128
5 17 58
5 21 47
5 28 158
5 30 66
5 35 78
5 36 150
5 41 107
5 42 56
5 43 162
5 44 124
5 45 56
6 3 146
6 4 38
6 7 66
6 14 24
6 18 119
6 21 31
6 22 51
6 24 143
6 26 27
6 28 14
6 36 107
6 38 104
6 40 93
6 42 24
6 45 147
6 46 129
6 t 14
7 3 41
7 4 128
7 6 66
7 8 14
7 10 153
7 16 51
7 17 140
7 19 141
7 23 10
7 24 51
7 29 36
7 32 146
7 36 159
7 37 91
7 39 47
7 42 15
7 43 139
7 45 34
7 46 73
8 3 73
8 7 14
8 9 99
8 10 78
8 11 103
8 12 134
8 13 105
8 15 26
8 17 50
8 20 105
8 21 119
8 22 78
8 26 125
8 29 137
8 30 59
8 32 95
8 37 35
8 44 24
8 46 78
8 t 86
9 2 17
9 3 42
9 5 153
9 8 99
9 10 77
9 13 53
9 14 103
9 16 96
9 17 46
9 19 63
9 20 99
9 21 88
9 22 34
9 23 76
9 24 138
9 26 35
9 30 15
9 31 70
9 35 85
9 45 21
9 46 124
9 t 114
10 2 72
10 3 59
10 4 23
10 5 66
10 7 153
10 8 78
10 9 77
10 11 18
10 12 117
10 14 151
10 18 120
10 20 165
10 22 14
10 24 136
10 27 59
10 28 83
10 29 126
10 37 15
10 38 145
10 44 140
11 1 37
11 2 60
11 8 103
11 10 18
11 18 156
11 29 106
11 30 166
11 33 24
11 34 130
11 36 110
11 37 150
11 40 97
11 t 134
12 4 26
12 8 134
12 10 117
12 16 23
12 20 111
12 22 23
12 25 52
12 27 146
12 37 155
12 38 108
12 39 87
12 41 36
12 42 59
12 44 65
12 45 126
12 46 156
13 1 110
13 4 128
13 5 20
13 8 105
13 9 53
13 17 14
13 19 42
13 25 35
13 27 83
13 30 16
13 31 140
13 42 33
13 43 162
13 t 69
14 3 121
14 4 64
14 6 24
14 9 103
14 10 151
14 15 113
14 18 15
14 23 161
14 24 26
14 29 48
14 30 36
14 31 14
14 32 161
14 44 129
14 46 65
14 t 31
15 2 27
15 3 62
15 4 102
15 8 26
15 14 113
15 16 158
15 19 58
15 20 39
15 21 107
15 22 67
15 24 98
15 25 121
15 26 39
15 28 150
15 29 20
15 32 130
15 33 55
15 37 107
15 38 148
15 42 78
15 43 36
16 4 87
16 5 128
16 7 51
16 9 96
16 12 23
16 15 158
16 18 37
16 21 109
16 22 125
16 23 42
16 27 164
16 28 92
16 31 63
16 32 158
16 34 8
16 38 114
16 39 94
16 40 69
16 46 54
16 t 90
17 1 75
17 5 58
17 7 140
17 8 50
17 9 46
17 13 14
17 18 31
17 23 162
17 24 12
17 25 121
17 26 108
17 27 29
17 28 120
17 29 157
17 32 60
17 35 150
17 44 142
17 45 151
17 t 20
18 3 156
18 6 119
18 10 120
18 11 156
18 14 15
18 16 37
18 17 31
18 21 73
18 22 67
18 24 138
18 26 29
18 27 58
18 29 51
18 31 101
18 32 101
18 33 17
18 36 67
18 37 145
18 42 160
18 43 93
18 44 92
18 45 65
19 1 30
19 2 34
19 4 72
19 7 141
19 9 63
19 13 42
19 15 58
19 20 34
19 21 25
19 22 151
19 23 82
19 25 101
19 27 83
19 33 22
19 36 143
19 37 151
19 38 110
19 39 57
19 40 121
19 t 80
20 2 141
20 8 105
20 9 99
20 10 165
20 12 111
20 15 39
20 19 34
20 21 105
20 22 162
20 23 96
20 24 38
20 30 23
20 32 100
20 36 16
20 38 55
20 40 9
20 41 134
20 43 131
20 t 121
21 3 72
21 4 163
21 5 47
21 6 31
21 8 119
21 9 88
21 15 107
21 16 109
21 18 73
21 19 25
21 20 105
21 23 43
21 27 50
21 29 84
21 30 73
21 34 56
21 36 135
21 37 85
21 38 121
21 43 15
21 44 83
21 t 113
22 3 47
22 4 117
22 6 51
22 8 78
22 9 34
22 10 14
22 12 23
22 15 67
22 16 125
22 18 67
22 19 151
22 20 162
22 25 86
22 26 146
22 27 111
22 30 116
22 33 56
22 34 89
22 35 160
22 36 117
22 37 40
22 42 58
22 43 94
22 45 70
23 1 141
23 3 89
23 7 10
23 9 76
23 14 161
23 16 42
23 17 162
23 19 82
23 20 96
23 21 43
23 24 32
23 27 87
23 29 59
23 30 49
23 32 73
23 34 93
23 39 79
23 41 98
24 1 28
24 2 35
24 6 143
24 7 51
24 9 138
24 10 136
24 14 26
24 15 98
24 17 12
24 18 138
24 20 38
24 23 32
24 29 84
24 30 105
24 31 79
24 34 88
24 35 164
24 36 108
24 40 50
24 41 27
24 43 144
25 1 48
25 12 52
25 13 35
25 15 121
25 17 121
25 19 101
25 22 86
25 26 136
25 27 97
25 34 141
25 37 97
25 41 38
25 43 16
25 45 96
26 6 27
26 8 125
26 9 35
26 15 39
26 17 108
26 18 29
26 22 146
26 25 136
26 27 73
26 31 135
26 34 33
26 35 129
26 36 103
26 38 44
26 39 18
26 40 81
26 41 78
26 43 139
26 44 120
26 46 33
26 t 88
27 10 59
27 12 146
27 13 83
27 16 164
27 17 29
27 18 58
27 19 83
27 21 50
27 22 111
27 23 87
27 25 97
27 26 73
27 31 152
27 34 158
27 35 135
27 36 43
27 39 134
27 44 25
27 45 117
28 2 62
28 3 80
28 5 158
28 6 14
28 10 83
28 15 150
28 16 92
28 17 120
28 42 145
28 44 72
29 1 16
29 2 80
29 7 36
29 8 137
29 10 126
29 11 106
29 14 48
29 15 20
29 17 157
29 18 51
29 21 84
29 23 59
29 24 84
29 30 33
29 33 131
29 34 161
29 35 162
29 37 143
29 38 64
29 39 9
29 41 100
29 43 95
29 44 152
29 45 46
29 46 105
30 3 75
30 4 93
30 5 66
30 8 59
30 9 15
30 11 166
30 13 16
30 14 36
30 20 23
30 21 73
30 22 116
30 23 49
30 24 105
30 29 33
30 35 112
30 36 138
30 37 93
30 38 124
30 41 112
30 42 109
30 46 94
30 t 141
31 3 149
31 4 26
31 9 70
31 13 140
31 14 14
31 16 63
31 18 101
31 24 79
31 26 135
31 27 152
31 33 36
31 35 92
31 40 110
31 45 79
31 46 113
32 1 71
32 2 120
32 7 146
32 8 95
32 14 161
32 15 130
32 16 158
32 17 60
32 18 101
32 20 100
32 23 73
32 33 128
32 34 21
32 35 160
32 38 15
32 40 97
32 41 113
32 42 121
32 43 129
32 45 143
32 t 55
33 1 90
33 11 24
33 15 55
33 18 17
33 19 22
33 22 56
33 29 131
33 31 36
33 32 128
33 34 9
33 38 15
33 42 83
34 1 70
34 11 130
34 16 8
34 21 56
34 22 89
34 23 93
34 24 88
34 25 141
34 26 33
34 27 158
34 29 161
34 32 21
34 33 9
34 35 52
35 2 17
35 4 43
35 5 78
35 9 85
35 17 150
35 22 160
35 24 164
35 26 129
35 27 135
35 29 162
35 30 112
35 31 92
35 32 160
35 34 52
35 38 75
35 39 101
35 40 16
35 41 79
35 43 41
35 46 162
35 t 87
36 2 11
36 5 150
36 6 107
36 7 159
36 11 110
36 18 67
36 19 143
36 20 16
36 21 135
36 22 117
36 24 108
36 26 103
36 27 43
36 30 138
36 40 160
36 41 29
36 45 100
37 1 29
37 7 91
37 8 35
37 10 15
37 11 150
37 12 155
37 15 107
37 18 145
37 19 151
37 21 85
37 22 40
37 25 97
37 29 143
37 30 93
37 38 81
37 41 124
37 43 117
37 44 131
37 46 161
37 t 27
38 3 133
38 4 124
38 6 104
38 10 145
38 12 108
38 15 148
38 16 114
38 19 110
38 20 55
38 21 121
38 26 44
38 29 64
38 30 124
38 32 15
38 33 15
38 35 75
38 37 81
38 39 92
38 42 46
38 45 85
38 t 19
39 1 32
39 7 47
39 12 87
39 16 94
39 19 57
39 23 79
39 26 18
39 27 134
39 29 9
39 35 101
39 38 92
39 44 117
40 1 165
40 4 58
40 6 93
40 11 97
40 16 69
40 19 121
40 20 9
40 24 50
40 26 81
40 31 110
40 32 97
40 35 16
40 36 160
40 43 82
40 44 97
41 3 31
41 5 107
41 12 36
41 20 134
41 23 98
41 24 27
41 25 38
41 26 78
41 29 100
41 30 112
41 32 113
41 35 79
41 36 29
41 37 124
41 44 130
41 46 135
42 3 158
42 5 56
42 6 24
42 7 15
42 12 59
42 13 33
42 15 78
42 18 160
42 22 58
42 28 145
42 30 109
42 32 121
42 33 83
42 38 46
42 45 108
42 t 26
43 3 41
43 5 162
43 7 139
43 13 162
43 15 36
43 18 93
43 20 131
43 21 15
43 22 94
43 24 144
43 25 16
43 26 139
43 29 95
43 32 129
43 35 41
43 37 117
43 40 82
43 45 122
43 46 40
43 t 30
44 5 124
44 8 24
44 10 140
44 12 65
44 14 129
44 17 142
44 18 92
44 21 83
44 26 120
44 27 25
44 28 72
44 29 152
44 37 131
44 39 117
44 40 97
44 41 130
44 45 58
44 46 25
45 2 100
45 3 37
45 5 56
45 6 147
45 7 34
45 9 21
45 12 126
45 17 151
45 18 65
45 22 70
45 25 96
45 27 117
45 29 46
45 31 79
45 32 143
45 36 100
45 38 85
45 42 108
45 43 122
45 44 58
46 2 121
46 3 163
46 6 129
46 7 73
46 8 78
46 9 124
46 12 156
46 14 65
46 16 54
46 26 33
46 29 105
46 30 94
46 31 113
46 35 162
46 37 161
46 41 135
46 43 40
46 44 25
