s 1 15
s 2 34
s 3 32
s 4 29
s 6 8
s 7 42
s 9 18
s 12 12
s 13 17
s 14 22
s 16 10
s 17 38
s 18 17
s 20 21
s 21 12
1 2 24
1 4 35
1 5 17
1 6 35
1 8 42
1 9 28
1 10 40
1 11 38
1 12 22
1 14 13
1 15 13
1 16 21
1 17 24
1 19 8
1 20 21
1 t 31
2 1 24
2 4 33
2 7 38
2 8 37
2 9 11
2 11 20
2 12 33
2 16 21
2 17 39
2 18 36
2 19 18
2 20 40
2 21 18
2 t 32
3 4 39
3 5 25
3 6 28
3 7 20
3 8 40
3 11 38
3 12 16
3 15 22
3 17 35
3 18 25
3 20 30
3 21 36
4 1 35
4 2 33
4 3 39
4 7 34
4 9 23
4 11 15
4 13 14
4 14 34
4 16 32
4 17 16
4 20 39
4 21 10
4 t 26
5 1 17
5 3 25
5 6 19
5 7 39
5 9 37
5 10 20
5 12 18
5 13 35
5 15 22
5 16 23
5 17 30
5 18 41
5 20 31
5 21 21
5 t 24
6 1 35
6 3 28
6 5 19
6 7 24
6 8 14
6 9 14
6 11 42
6 12 15
6 14 38
6 16 25
6 18 35
6 19 25
6 21 39
6 t 29
7 2 38
7 3 20
7 4 34
7 5 39
7 6 24
7 8 14
7 9 18
7 10 18
7 11 34
7 12 18
7 13 28
7 16 41
7 17 15
7 18 42
7 19 40
7 21 15
7 t 14
8 1 42
8 2 37
8 3 40
8 6 14
8 7 14
8 9 9
8 10 19
8 11 9
8 13 39
8 14 19
8 15 39
8 16 35
8 17 21
8 18 26
8 19 11
8 20 22
8 21 9
8 t 11
9 1 28
9 2 11
9 4 23
9 5 37
9 6 14
9 7 18
9 8 9
9 10 15
9 11 18
9 12 17
9 13 15
9 14 16
9 16 14
9 17 41
9 19 31
9 20 20
10 1 40
10 5 20
10 7 18
10 8 19
10 9 15
10 11 42
10 14 34
10 15 17
10 16 36
10 17 39
10 18 37
10 19 35
10 20 39
10 21 16
10 t 17
11 1 38
11 2 20
11 3 38
11 4 15
11 6 42
11 7 34
11 8 9
11 9 18
11 10 42
11 12 11
11 13 11
11 17 27
11 20 15
11 21 20
11 t 18
12 1 22
12 2 33
12 3 16
12 5 18
12 6 15
12 7 18
12 9 17
12 11 11
12 13 35
12 14 25
12 16 21
12 18 41
12 19 19
13 4 14
13 5 35
13 7 28
13 8 39
13 9 15
13 11 11
13 12 35
13 14 27
13 17 31
13 20 24
13 21 41
13 t 21
14 1 13
14 4 34
14 6 38
14 8 19
14 9 16
14 10 34
14 12 25
14 13 27
14 15 13
14 16 29
14 17 36
14 18 25
14 20 33
14 21 42
14 t 41
15 1 13
15 3 22
15 5 22
15 8 39
15 10 17
15 14 13
15 16 11
15 17 8
15 20 14
15 21 40
16 1 21
16 2 21
16 4 32
16 5 23
16 6 25
16 7 41
16 8 35
16 9 14
16 10 36
16 12 21
16 14 29
16 15 11
16 17 39
16 18 39
16 20 17
16 21 13
17 1 24
17 2 39
17 3 35
17 4 16
17 5 30
17 7 15
17 8 21
17 9 41
17 10 39
17 11 27
17 13 31
17 14 36
17 15 8
17 16 39
17 21 30
18 2 36
18 3 25
18 5 41
18 6 35
18 7 42
18 8 26
18 10 37
18 12 41
18 14 25
18 16 39
18 20 23
18 21 20
18 t 37
19 1 8
19 2 18
19 6 25
19 7 40
19 8 11
19 9 31
19 10 35
19 12 19
19 20 19
19 21 37
19 t 16
20 1 21
20 2 40
20 3 30
20 4 39
20 5 31
20 8 22
20 9 20
20 10 39
20 11 15
20 13 24
20 14 33
20 15 14
20 16 17
20 18 23
20 19 19
20 21 16
21 2 18
21 3 36
21 4 10
21 5 21
21 6 39
21 7 15
21 8 9
21 10 16
21 11 20
21 13 41
21 14 42
21 15 40
21 16 13
21 17 30
21 18 20
21 19 37
21 20 16
