s 1 8
s 2 98
s 3 83
s 4 25
s 5 23
s 6 99
s 7 171
s 9 63
s 10 130
s 11 74
s 12 59
s 13 64
s 14 99
s 15 130
s 16 67
s 17 101
s 18 75
s 19 56
s 20 171
s 21 111
s 22 81
s 23 63
s 24 140
s 25 101
1 2 134
1 4 183
1 5 47
1 6 94
1 7 176
1 8 50
1 9 37
1 10 158
1 12 133
1 13 133
1 14 177
1 16 159
1 17 82
1 18 174
1 19 48
1 20 146
1 21 109
1 22 107
1 25 22
2 1 134
2 3 117
2 4 95
2 5 125
2 6 79
2 8 170
2 10 158
2 11 20
2 13 171
2 17 154
2 18 50
2 19 185
2 20 91
2 21 144
2 22 162
2 23 41
2 24 141
2 25 143
2 t 118
3 2 117
3 4 134
3 5 73
3 6 49
3 8 74
3 10 152
3 11 109
3 13 13
3 14 113
3 16 31
3 17 166
3 18 80
3 19 4
3 20 70
3 21 171
3 22 177
3 23 149
3 24 91
4 1 183
4 2 95
4 3 134
4 6 31
4 8 60
4 10 60
4 11 84
4 12 174
4 13 138
4 14 169
4 15 179
4 16 177
4 17 44
4 21 35
4 22 189
4 23 60
4 24 112
4 25 147
4 t 89
5 1 47
5 2 125
5 3 73
5 6 122
5 7 50
5 8 139
5 10 49
5 11 143
5 12 179
5 13 125
5 14 171
5 15 157
5 16 116
5 17 115
5 18 142
5 19 45
5 21 88
5 22 82
5 23 154
5 24 132
5 25 128
5 t 146
6 1 94
6 2 79
6 3 49
6 4 31
6 5 122
6 7 148
6 8 127
6 10 170
6 11 50
6 12 144
6 13 114
6 14 122
6 15 70
6 17 140
6 19 184
6 21 102
6 22 16
6 23 27
6 24 27
6 25 162
6 t 119
7 1 176
7 5 50
7 6 148
7 9 53
7 10 80
7 11 133
7 12 120
7 13 157
7 14 6
7 15 179
7 16 107
7 18 56
7 19 51
7 20 85
7 21 153
7 22 115
7 23 15
7 24 172
7 25 117
7 t 26
8 1 50
8 2 170
8 3 74
8 4 60
8 5 139
8 6 127
8 10 26
8 12 158
8 13 114
8 15 131
8 16 23
8 17 30
8 18 42
8 19 118
8 20 26
8 22 93
8 23 68
8 24 107
8 25 171
8 t 95
9 1 37
9 7 53
9 12 165
9 13 25
9 15 146
9 16 98
9 18 90
9 20 25
9 22 151
9 24 99
9 25 108
9 t 170
10 1 158
10 2 158
10 3 152
10 4 60
10 5 49
10 6 170
10 7 80
10 8 26
10 11 123
10 12 117
10 13 71
10 14 50
10 15 71
10 16 149
10 17 160
10 18 12
10 19 185
10 20 19
10 21 170
10 22 117
10 23 133
10 24 172
10 25 124
10 t 73
11 2 20
11 3 109
11 4 84
11 5 143
11 6 50
11 7 133
11 10 123
11 12 178
11 13 163
11 14 23
11 15 136
11 16 41
11 17 143
11 18 16
11 20 178
11 21 61
11 22 65
11 23 144
11 24 88
11 t 36
12 1 133
12 4 174
12 5 179
12 6 144
12 7 120
12 8 158
12 9 165
12 10 117
12 11 178
12 14 178
12 16 166
12 17 150
12 18 15
12 19 144
12 20 138
12 21 12
12 22 14
12 23 136
12 24 176
12 25 187
12 t 151
13 1 133
13 2 171
13 3 13
13 4 138
13 5 125
13 6 114
13 7 157
13 8 114
13 9 25
13 10 71
13 11 163
13 14 9
13 15 116
13 16 66
13 17 26
13 18 143
13 19 92
13 20 72
13 21 102
13 23 19
13 24 38
13 25 111
13 t 8
14 1 177
14 3 113
14 4 169
14 5 171
14 6 122
14 7 6
14 10 50
14 11 23
14 12 178
14 13 9
14 15 25
14 16 69
14 17 176
14 18 120
14 19 16
14 20 166
14 21 49
14 22 33
14 23 103
14 24 115
14 25 113
14 t 101
15 4 179
15 5 157
15 6 70
15 7 179
15 8 131
15 9 146
15 10 71
15 11 136
15 13 116
15 14 25
15 16 132
15 17 82
15 18 137
15 19 180
15 20 171
15 21 115
15 22 12
15 23 108
15 24 189
15 25 69
16 1 159
16 3 31
16 4 177
16 5 116
16 7 107
16 8 23
16 9 98
16 10 149
16 11 41
16 12 166
16 13 66
16 14 69
16 15 132
16 17 55
16 18 189
16 19 56
16 20 4
16 21 28
16 22 156
16 24 30
16 t 168
17 1 82
17 2 154
17 3 166
17 4 44
17 5 115
17 6 140
17 8 30
17 10 160
17 11 143
17 12 150
17 13 26
17 14 176
17 15 82
17 16 55
17 18 163
17 19 61
17 20 114
17 21 187
17 22 182
17 23 57
17 24 4
17 25 23
17 t 130
18 1 174
18 2 50
18 3 80
18 5 142
18 7 56
18 8 42
18 9 90
18 10 12
18 11 16
18 12 15
18 13 143
18 14 120
18 15 137
18 16 189
18 17 163
18 19 113
18 21 69
18 23 152
18 24 20
18 25 49
18 t 73
19 1 48
19 2 185
19 3 4
19 5 45
19 6 184
19 7 51
19 8 118
19 10 185
19 12 144
19 13 92
19 14 16
19 15 180
19 16 56
19 17 61
19 18 113
19 20 20
19 21 133
19 22 184
19 24 146
19 25 40
19 t 74
20 1 146
20 2 91
20 3 70
20 7 85
20 8 26
20 9 25
20 10 19
20 11 178
20 12 138
20 13 72
20 14 166
20 15 171
20 16 4
20 17 114
20 19 20
20 21 55
20 22 179
20 23 33
20 24 74
20 25 8
20 t 69
21 1 109
21 2 144
21 3 171
21 4 35
21 5 88
21 6 102
21 7 153
21 10 170
21 11 61
21 12 12
21 13 102
21 14 49
21 15 115
21 16 28
21 17 187
21 18 69
21 19 133
21 20 55
21 22 121
21 24 143
21 25 165
21 t 29
22 1 107
22 2 162
22 3 177
22 4 189
22 5 82
22 6 16
22 7 115
22 8 93
22 9 151
22 10 117
22 11 65
22 12 14
22 14 33
22 15 12
22 16 156
22 17 182
22 19 184
22 20 179
22 21 121
22 23 63
22 25 146
23 2 41
23 3 149
23 4 60
23 5 154
23 6 27
23 7 15
23 8 68
23 10 133
23 11 144
23 12 136
23 13 19
23 14 103
23 15 108
23 17 57
23 18 152
23 20 33
23 22 63
23 24 104
23 25 5
23 t 173
24 2 141
24 3 91
24 4 112
24 5 132
24 6 27
24 7 172
24 8 107
24 9 99
24 10 172
24 11 88
24 12 176
24 13 38
24 14 115
24 15 189
24 16 30
24 17 4
24 18 20
24 19 146
24 20 74
24 21 143
24 23 104
24 25 56
25 1 22
25 2 143
25 4 147
25 5 128
25 6 162
25 7 117
25 8 171
25 9 108
25 10 124
25 12 187
25 13 111
25 14 113
25 15 69
25 17 23
25 18 49
25 19 40
25 20 8
25 21 165
25 22 146
25 23 5
25 24 56
