s 1 133
s 2 25
s 3 100
s 6 21
s 7 126
s 8 152
s 12 67
s 13 19
s 15 21
s 17 87
s 18 67
s 20 144
s 21 74
s 22 95
s 24 59
s 25 43
s 28 138
s 29 66
s 31 75
s 32 93
s 34 37
s 35 63
s 37 76
s 38 137
s 40 132
s 41 70
s 43 53
s 45 18
s 46 71
s 48 86
s 50 55
s 51 140
s 53 73
s 54 54
s 55 29
s 57 78
s 59 126
s 60 58
s 61 50
s 62 140
s 64 108
s 67 85
s 69 151
s 71 36
s 72 138
s 73 143
s 74 52
s 77 143
s 78 124
s 79 31
s 85 124
s 86 136
s 87 26
s 88 34
s 89 47
s 91 152
s 93 69
s 94 152
s 95 71
s 96 117
s 97 17
s 98 94
s 99 55
s 100 123
s 101 148
s 102 85
s 103 52
s 104 127
s 107 92
s 108 48
s 110 110
s 111 45
s 113 81
s 114 156
s 115 84
s 116 107
s 117 152
s 118 12
s 119 118
s 120 41
s 122 74
s 123 35
s 125 25
s 127 117
s 129 140
s 130 124
s 131 82
s 132 122
s 133 108
s 134 122
1 2 63
1 3 140
1 4 65
1 5 86
1 7 31
1 10 80
1 11 98
1 13 106
1 14 146
1 16 103
1 18 35
1 19 127
1 20 16
1 21 89
1 22 122
1 23 55
1 24 95
1 26 125
1 27 96
1 29 157
1 30 31
1 31 81
1 32 59
1 34 82
1 35 56
1 41 125
1 43 85
1 45 31
1 47 68
1 49 123
1 51 43
1 52 41
1 53 103
1 55 109
1 56 54
1 57 129
1 59 128
1 60 19
1 62 151
1 63 84
1 64 58
1 65 105
1 66 19
1 69 150
1 70 75
1 72 115
1 73 75
1 74 108
1 76 63
1 77 14
1 78 42
1 79 90
1 80 100
1 81 26
1 82 81
1 83 63
1 84 73
1 85 54
1 86 86
1 87 30
1 88 76
1 91 127
1 97 56
1 101 157
1 102 76
1 103 48
1 104 125
1 106 81
1 109 60
1 110 75
1 111 132
1 113 77
1 115 111
1 116 129
1 117 14
1 119 124
1 120 27
1 123 120
1 124 37
1 125 137
1 126 145
1 127 61
1 129 137
1 130 149
1 131 33
1 132 43
1 133 25
1 134 126
1 t 62
2 1 63
2 3 150
2 4 76
2 7 94
2 9 152
2 11 74
2 13 44
2 14 109
2 15 124
2 16 41
2 17 44
2 18 124
2 19 99
2 21 117
2 23 41
2 24 148
2 26 134
2 28 153
2 31 70
2 35 149
2 37 150
2 40 107
2 41 156
2 45 75
2 46 67
2 47 79
2 48 18
2 50 107
2 52 158
2 53 36
2 54 156
2 56 127
2 57 89
2 58 11
2 60 102
2 61 108
2 62 72
2 63 120
2 65 41
2 66 131
2 68 147
2 69 27
2 71 150
2 72 42
2 74 122
2 76 96
2 77 93
2 78 138
2 80 21
2 81 103
2 82 132
2 83 55
2 84 147
2 85 141
2 86 149
2 87 144
2 88 114
2 89 26
2 90 69
2 92 115
2 93 42
2 94 31
2 95 94
2 96 48
2 98 21
2 100 93
2 101 156
2 102 94
2 103 96
2 104 149
2 105 82
2 106 156
2 108 89
2 110 115
2 111 12
2 112 124
2 113 50
2 114 127
2 115 149
2 116 12
2 117 95
2 118 147
2 119 83
2 120 80
2 121 74
2 122 95
2 125 59
2 126 117
2 127 23
2 129 39
2 130 114
2 131 147
2 132 28
2 133 146
3 1 140
3 2 150
3 4 22
3 5 112
3 6 120
3 7 131
3 9 21
3 10 156
3 11 93
3 12 110
3 13 85
3 14 143
3 15 42
3 16 159
3 17 143
3 18 18
3 20 42
3 21 23
3 22 48
3 24 19
3 25 125
3 26 126
3 27 15
3 28 120
3 29 79
3 30 53
3 31 22
3 32 63
3 33 66
3 34 143
3 35 122
3 38 122
3 40 127
3 42 46
3 43 126
3 44 124
3 46 90
3 47 23
3 49 65
3 50 91
3 51 129
3 52 106
3 53 139
3 54 67
3 55 147
3 57 143
3 59 48
3 61 94
3 64 107
3 65 111
3 66 124
3 67 109
3 68 64
3 69 54
3 70 31
3 72 153
3 73 35
3 74 119
3 75 155
3 77 60
3 80 20
3 83 45
3 84 74
3 85 28
3 86 127
3 87 145
3 88 48
3 90 135
3 91 31
3 92 26
3 93 119
3 94 27
3 98 16
3 100 101
3 101 155
3 102 155
3 103 136
3 104 107
3 108 70
3 110 17
3 112 63
3 113 38
3 114 145
3 118 124
3 122 121
3 124 62
3 126 63
3 129 11
3 130 124
3 131 81
3 132 139
3 133 11
3 t 45
4 1 65
4 2 76
4 3 22
4 5 67
4 6 117
4 7 80
4 8 116
4 9 101
4 10 111
4 11 65
4 12 22
4 15 108
4 16 34
4 17 67
4 18 144
4 19 62
4 20 151
4 21 42
4 22 107
4 23 62
4 24 26
4 28 125
4 29 19
4 31 22
4 32 139
4 36 150
4 38 15
4 40 104
4 41 110
4 42 40
4 43 141
4 44 123
4 46 148
4 47 25
4 48 121
4 49 87
4 52 158
4 53 19
4 54 58
4 55 56
4 57 138
4 58 117
4 59 119
4 62 15
4 63 147
4 64 82
4 65 38
4 67 138
4 68 41
4 69 12
4 70 35
4 71 51
4 73 104
4 75 149
4 76 39
4 77 78
4 79 18
4 81 122
4 85 80
4 86 55
4 88 119
4 89 151
4 90 95
4 93 63
4 94 77
4 95 25
4 96 82
4 99 40
4 100 77
4 102 83
4 103 142
4 104 57
4 105 56
4 108 132
4 109 122
4 110 159
4 111 136
4 114 101
4 115 94
4 117 87
4 121 124
4 122 143
4 125 151
4 126 102
4 127 103
4 t 38
5 1 86
5 3 112
5 4 67
5 6 78
5 7 87
5 8 74
5 9 63
5 10 43
5 11 94
5 12 49
5 16 103
5 18 127
5 19 59
5 22 78
5 23 156
5 24 54
5 27 63
5 28 36
5 29 14
5 32 92
5 34 144
5 35 104
5 36 72
5 37 103
5 38 40
5 39 139
5 41 91
5 44 147
5 45 104
5 46 13
5 48 86
5 51 27
5 53 84
5 55 58
5 56 85
5 59 15
5 60 17
5 61 12
5 64 154
5 65 132
5 66 128
5 67 96
5 69 93
5 72 148
5 73 121
5 74 80
5 75 38
5 76 114
5 77 106
5 78 34
5 80 73
5 83 160
5 84 105
5 85 86
5 86 85
5 87 26
5 89 91
5 90 147
5 91 57
5 93 49
5 94 18
5 95 53
5 96 20
5 97 63
5 98 58
5 99 23
5 100 43
5 101 143
5 102 38
5 105 87
5 106 20
5 107 67
5 109 12
5 110 71
5 113 11
5 114 147
5 115 56
5 117 108
5 118 16
5 119 121
5 120 48
5 121 43
5 124 126
5 125 84
5 126 64
5 127 159
5 128 143
5 129 108
5 130 62
5 131 42
5 132 87
5 133 84
5 t 12
6 3 120
6 4 117
6 5 78
6 7 90
6 9 45
6 11 156
6 12 76
6 13 113
6 15 160
6 16 114
6 18 14
6 19 104
6 20 90
6 21 71
6 22 55
6 24 25
6 25 132
6 26 32
6 27 68
6 28 15
6 30 97
6 33 48
6 34 144
6 37 89
6 38 136
6 39 122
6 40 45
6 41 91
6 44 150
6 48 21
6 50 55
6 52 147
6 53 122
6 55 100
6 56 34
6 57 94
6 59 97
6 60 42
6 61 74
6 62 97
6 64 103
6 65 90
6 66 150
6 67 133
6 68 90
6 69 45
6 70 100
6 72 56
6 73 153
6 74 140
6 75 70
6 77 47
6 78 128
6 79 136
6 82 39
6 83 73
6 85 116
6 87 89
6 88 75
6 89 33
6 90 14
6 91 153
6 92 51
6 93 53
6 95 55
6 96 131
6 98 20
6 99 121
6 100 114
6 101 63
6 105 58
6 106 35
6 108 16
6 109 145
6 111 80
6 113 46
6 114 128
6 115 33
6 116 156
6 117 19
6 118 138
6 119 54
6 120 82
6 123 16
6 124 117
6 125 59
6 127 14
6 130 94
6 132 135
6 133 102
6 134 96
6 t 145
7 1 31
7 2 94
7 3 131
7 4 80
7 5 87
7 6 90
7 10 64
7 11 154
7 12 124
7 13 61
7 14 125
7 15 29
7 16 153
7 17 17
7 18 148
7 19 41
7 20 86
7 21 46
7 23 92
7 24 119
7 25 44
7 26 131
7 27 37
7 29 19
7 30 125
7 31 151
7 32 159
7 33 99
7 34 116
7 35 43
7 36 29
7 38 141
7 39 118
7 40 12
7 41 103
7 43 50
7 44 23
7 45 63
7 46 124
7 47 98
7 48 158
7 51 116
7 53 83
7 55 44
7 57 80
7 58 100
7 59 84
7 62 38
7 63 69
7 64 77
7 65 107
7 66 66
7 67 27
7 68 110
7 69 14
7 71 40
7 74 52
7 75 142
7 76 71
7 77 18
7 78 42
7 79 111
7 80 88
7 82 56
7 83 104
7 84 143
7 86 54
7 87 122
7 88 51
7 91 90
7 92 150
7 93 16
7 94 104
7 97 132
7 98 101
7 99 53
7 101 125
7 102 146
7 103 125
7 104 97
7 105 139
7 107 148
7 108 130
7 109 141
7 110 27
7 111 56
7 113 16
7 114 147
7 115 20
7 116 132
7 119 60
7 120 113
7 121 146
7 122 108
7 124 137
7 125 67
7 126 57
7 127 130
7 128 112
7 129 98
7 130 30
7 131 55
7 133 143
7 t 33
8 4 116
8 5 74
8 9 35
8 11 29
8 14 56
8 15 155
8 16 74
8 17 107
8 18 44
8 19 136
8 22 42
8 27 37
8 28 19
8 30 103
8 31 70
8 32 36
8 33 141
8 34 150
8 35 133
8 42 83
8 43 59
8 46 29
8 47 44
8 49 76
8 50 89
8 52 48
8 53 36
8 54 128
8 57 94
8 59 93
8 62 128
8 67 155
8 70 151
8 72 74
8 73 145
8 74 69
8 75 119
8 76 141
8 77 131
8 78 97
8 81 63
8 82 115
8 83 158
8 84 154
8 87 88
8 88 122
8 89 65
8 90 106
8 92 135
8 93 82
8 94 108
8 96 39
8 97 106
8 98 49
8 99 157
8 100 95
8 101 44
8 102 144
8 103 32
8 104 34
8 105 125
8 107 120
8 108 149
8 109 109
8 110 88
8 111 59
8 112 145
8 116 95
8 117 14
8 118 155
8 119 155
8 121 28
8 122 16
8 123 22
8 124 49
8 127 74
8 128 160
8 130 33
8 131 152
8 132 13
8 133 157
8 134 26
9 2 152
9 3 21
9 4 101
9 5 63
9 6 45
9 8 35
9 12 100
9 13 140
9 14 121
9 15 33
9 16 139
9 17 104
9 19 81
9 20 70
9 21 45
9 22 17
9 23 30
9 24 136
9 25 130
9 26 30
9 28 35
9 29 83
9 31 135
9 34 21
9 35 69
9 36 129
9 38 70
9 39 89
9 40 146
9 43 94
9 44 22
9 45 50
9 47 21
9 48 44
9 49 137
9 52 87
9 53 16
9 57 95
9 58 46
9 60 31
9 61 127
9 62 63
9 64 29
9 65 64
9 66 31
9 68 65
9 70 58
9 71 74
9 73 147
9 74 143
9 75 119
9 77 49
9 78 129
9 79 74
9 80 61
9 82 105
9 83 96
9 85 148
9 88 90
9 89 91
9 90 67
9 91 57
9 92 14
9 93 83
9 94 79
9 95 114
9 96 51
9 97 76
9 98 31
9 100 137
9 101 126
9 102 90
9 103 69
9 105 146
9 106 57
9 107 46
9 110 146
9 111 76
9 112 149
9 117 21
9 118 17
9 122 135
9 124 127
9 125 40
9 126 70
9 127 20
9 129 91
9 130 36
9 131 153
9 132 37
9 134 53
9 t 67
10 1 80
10 3 156
10 4 111
10 5 43
10 7 64
10 11 65
10 12 74
10 13 46
10 14 117
10 16 24
10 17 111
10 18 96
10 19 109
10 23 86
10 25 124
10 26 42
10 27 109
10 30 145
10 32 100
10 33 11
10 34 152
10 37 150
10 39 93
10 40 106
10 41 68
10 42 109
10 44 49
10 45 139
10 46 147
10 47 73
10 52 62
10 53 58
10 56 114
10 58 131
10 59 80
10 60 44
10 62 160
10 63 111
10 65 25
10 66 41
10 67 119
10 68 101
10 70 64
10 71 137
10 74 107
10 76 15
10 77 47
10 79 109
10 80 26
10 81 138
10 82 80
10 84 22
10 85 92
10 86 11
10 87 129
10 88 64
10 90 66
10 91 82
10 93 57
10 96 29
10 98 109
10 99 24
10 100 23
10 102 103
10 104 69
10 105 94
10 106 99
10 110 73
10 112 87
10 115 25
10 117 111
10 119 117
10 120 83
10 121 110
10 123 63
10 124 158
10 125 111
10 127 102
10 128 148
10 130 34
10 132 29
10 133 27
10 134 84
10 t 114
11 1 98
11 2 74
11 3 93
11 4 65
11 5 94
11 6 156
11 7 154
11 8 29
11 10 65
11 12 88
11 13 113
11 15 46
11 16 150
11 17 137
11 18 102
11 19 142
11 20 155
11 21 119
11 23 134
11 24 68
11 29 41
11 31 66
11 32 143
11 33 15
11 34 145
11 36 73
11 38 59
11 40 76
11 41 124
11 43 51
11 46 148
11 48 24
11 50 65
11 51 24
11 52 146
11 53 72
11 54 101
11 55 86
11 56 23
11 57 104
11 58 53
11 61 72
11 63 154
11 69 66
11 71 122
11 72 65
11 74 42
11 76 108
11 77 26
11 78 23
11 79 160
11 80 148
11 81 155
11 84 48
11 85 71
11 86 34
11 87 16
11 88 46
11 93 50
11 94 85
11 96 112
11 97 64
11 98 44
11 99 138
11 100 157
11 102 101
11 103 75
11 105 86
11 107 66
11 108 69
11 110 13
11 113 91
11 114 118
11 115 136
11 116 98
11 117 130
11 118 19
11 119 48
11 121 130
11 123 123
11 127 123
11 128 39
11 129 108
11 132 154
11 t 129
12 3 110
12 4 22
12 5 49
12 6 76
12 7 124
12 9 100
12 10 74
12 11 88
12 14 53
12 15 124
12 16 140
12 17 131
12 19 89
12 20 140
12 22 137
12 23 130
12 25 90
12 27 104
12 28 83
12 30 31
12 32 60
12 33 151
12 37 63
12 39 94
12 40 155
12 41 73
12 42 117
12 43 77
12 45 153
12 47 35
12 50 63
12 51 111
12 52 16
12 54 26
12 57 56
12 60 55
12 61 61
12 63 102
12 65 39
12 66 65
12 67 36
12 69 158
12 70 57
12 71 113
12 73 55
12 75 106
12 76 94
12 77 142
12 78 64
12 80 63
12 81 98
12 83 110
12 84 61
12 86 32
12 87 156
12 89 94
12 90 151
12 91 76
12 92 113
12 93 17
12 94 114
12 95 33
12 96 18
12 98 13
12 99 72
12 100 98
12 101 30
12 103 51
12 104 85
12 105 80
12 107 11
12 111 89
12 113 160
12 114 39
12 115 140
12 116 74
12 117 81
12 118 132
12 119 47
12 120 62
12 121 45
12 122 73
12 123 30
12 126 88
12 128 122
12 130 93
12 131 128
12 132 42
12 133 119
12 134 153
13 1 106
13 2 44
13 3 85
13 6 113
13 7 61
13 9 140
13 10 46
13 11 113
13 14 110
13 15 25
13 17 38
13 18 126
13 19 116
13 20 134
13 21 69
13 22 85
13 23 99
13 24 58
13 25 50
13 27 148
13 30 152
13 33 43
13 35 96
13 36 32
13 37 63
13 39 153
13 43 19
13 44 53
13 45 140
13 46 31
13 48 159
13 50 152
13 51 16
13 52 87
13 53 83
13 54 105
13 57 94
13 62 64
13 63 151
13 64 104
13 67 51
13 71 151
13 72 70
13 73 90
13 74 148
13 76 35
13 77 121
13 78 155
13 79 13
13 80 75
13 81 146
13 82 102
13 83 117
13 84 14
13 85 157
13 86 103
13 87 51
13 88 107
13 89 37
13 90 150
13 95 94
13 96 28
13 98 117
13 99 42
13 100 41
13 103 55
13 104 82
13 106 41
13 107 105
13 109 82
13 110 84
13 111 117
13 112 128
13 114 84
13 115 75
13 117 16
13 119 82
13 120 126
13 121 157
13 122 16
13 124 121
13 125 17
13 127 67
13 129 83
13 132 103
13 134 76
13 t 124
14 1 146
14 2 109
14 3 143
14 7 125
14 8 56
14 9 121
14 10 117
14 12 53
14 13 110
14 16 124
14 17 54
14 18 147
14 20 127
14 21 129
14 22 38
14 23 146
14 24 138
14 25 103
14 26 59
14 28 117
14 29 112
14 30 106
14 32 134
14 33 74
14 34 90
14 37 113
14 38 92
14 39 74
14 41 95
14 42 24
14 43 143
14 44 149
14 46 13
14 49 82
14 50 128
14 51 114
14 52 133
14 54 93
14 55 22
14 57 74
14 59 84
14 60 120
14 61 45
14 62 40
14 63 125
14 64 99
14 65 107
14 67 66
14 68 75
14 73 142
14 75 48
14 76 135
14 80 61
14 83 51
14 84 124
14 87 155
14 88 105
14 91 61
14 92 70
14 94 104
14 95 36
14 100 12
14 101 139
14 102 46
14 104 16
14 107 151
14 108 34
14 109 146
14 112 17
14 113 72
14 115 47
14 116 55
14 118 78
14 119 75
14 120 107
14 121 57
14 122 45
14 123 147
14 124 159
14 125 118
14 126 78
14 127 140
14 128 75
14 129 39
14 130 130
14 131 74
14 132 82
14 133 134
14 134 45
15 2 124
15 3 42
15 4 108
15 6 160
15 7 29
15 8 155
15 9 33
15 11 46
15 12 124
15 13 25
15 16 127
15 18 127
15 21 87
15 22 90
15 23 79
15 25 56
15 26 59
15 28 124
15 29 101
15 32 124
15 33 114
15 35 107
15 36 138
15 37 105
15 38 129
15 39 104
15 40 125
15 41 95
15 42 14
15 43 124
15 45 59
15 46 74
15 47 60
15 48 102
15 53 60
15 55 79
15 57 88
15 58 138
15 59 73
15 60 113
15 61 23
15 63 12
15 64 125
15 66 119
15 68 134
15 69 34
15 70 110
15 71 73
15 72 153
15 73 49
15 74 100
15 75 59
15 77 31
15 79 69
15 80 43
15 81 64
15 82 78
15 85 85
15 86 58
15 88 141
15 90 142
15 91 83
15 93 52
15 95 29
15 96 71
15 99 160
15 100 110
15 103 144
15 104 89
15 107 109
15 108 155
15 110 48
15 112 25
15 113 35
15 114 134
15 115 42
15 116 83
15 117 43
15 119 38
15 121 109
15 122 115
15 123 36
15 124 114
15 125 89
15 126 135
15 127 11
15 130 21
15 131 29
15 132 91
15 133 93
15 134 14
15 t 117
16 1 103
16 2 41
16 3 159
16 4 34
16 5 103
16 6 114
16 7 153
16 8 74
16 9 139
16 10 24
16 11 150
16 12 140
16 14 124
16 15 127
16 18 156
16 20 133
16 21 77
16 23 152
16 26 60
16 28 132
16 29 80
16 31 107
16 32 119
16 34 56
16 35 128
16 36 137
16 38 81
16 39 101
16 40 69
16 41 82
16 42 18
16 44 67
16 47 34
16 48 152
16 49 99
16 54 86
16 56 86
16 57 103
16 59 143
16 60 86
16 61 84
16 64 121
16 66 80
16 67 123
16 68 101
16 69 86
16 70 113
16 72 92
16 73 85
16 74 77
16 75 78
16 77 91
16 78 139
16 80 125
16 81 13
16 82 31
16 85 119
16 87 118
16 88 49
16 91 88
16 92 140
16 93 34
16 94 88
16 95 57
16 96 53
16 98 131
16 100 43
16 106 133
16 107 115
16 108 15
16 109 24
16 110 108
16 111 100
16 114 78
16 116 133
16 117 136
16 118 142
16 119 131
16 120 58
16 121 106
16 122 33
16 125 50
16 127 131
16 129 53
16 130 68
16 131 128
16 132 92
16 133 142
17 2 44
17 3 143
17 4 67
17 7 17
17 8 107
17 9 104
17 10 111
17 11 137
17 12 131
17 13 38
17 14 54
17 18 141
17 20 55
17 21 93
17 23 42
17 24 31
17 26 88
17 29 142
17 30 66
17 32 37
17 33 156
17 34 115
17 38 20
17 40 155
17 41 134
17 43 130
17 44 130
17 45 137
17 46 99
17 47 114
17 48 116
17 49 121
17 51 116
17 52 151
17 53 42
17 54 119
17 55 89
17 57 43
17 58 135
17 60 158
17 61 158
17 62 79
17 63 14
17 64 51
17 66 84
17 67 42
17 68 57
17 71 44
17 72 24
17 73 114
17 75 108
17 76 97
17 77 155
17 78 37
17 79 74
17 81 38
17 83 135
17 85 140
17 89 55
17 90 32
17 91 93
17 92 76
17 93 139
17 94 32
17 95 22
17 98 14
17 103 47
17 106 132
17 108 68
17 113 156
17 114 120
17 116 40
17 117 59
17 118 58
17 119 45
17 121 72
17 122 47
17 124 21
17 127 115
17 129 30
17 130 98
17 131 105
17 133 117
17 134 133
17 t 127
18 1 35
18 2 124
18 3 18
18 4 144
18 5 127
18 6 14
18 7 148
18 8 44
18 10 96
18 11 102
18 13 126
18 14 147
18 15 127
18 16 156
18 17 141
18 20 61
18 21 126
18 23 155
18 24 152
18 25 41
18 29 79
18 30 79
18 31 121
18 32 146
18 34 46
18 35 72
18 39 38
18 40 112
18 41 57
18 42 137
18 43 69
18 44 43
18 45 53
18 47 44
18 48 108
18 50 14
18 51 149
18 52 105
18 55 27
18 58 57
18 59 46
18 61 22
18 62 99
18 64 157
18 65 62
18 66 38
18 67 22
18 68 160
18 70 15
18 71 100
18 74 123
18 77 39
18 79 77
18 80 73
18 81 145
18 82 95
18 83 30
18 84 66
18 86 34
18 87 157
18 88 149
18 90 142
18 92 88
18 94 35
18 95 63
18 96 81
18 97 13
18 98 69
18 100 115
18 101 30
18 102 46
18 103 155
18 104 156
18 105 74
18 107 134
18 108 53
18 109 15
18 110 132
18 112 96
18 113 128
18 115 92
18 116 91
18 118 76
18 122 36
18 124 15
18 125 155
18 126 90
18 128 132
18 129 75
18 131 35
18 133 97
18 t 103
19 1 127
19 2 99
19 4 62
19 5 59
19 6 104
19 7 41
19 8 136
19 9 81
19 10 109
19 11 142
19 12 89
19 13 116
19 20 26
19 21 120
19 23 49
19 24 108
19 25 136
19 26 74
19 28 129
19 29 80
19 30 64
19 31 111
19 32 130
19 34 49
19 36 25
19 37 141
19 39 109
19 40 50
19 42 76
19 43 153
19 44 23
19 47 125
19 48 25
19 50 106
19 51 56
19 52 102
19 53 69
19 54 90
19 58 113
19 59 53
19 60 36
19 63 34
19 64 58
19 65 117
19 67 133
19 68 159
19 69 33
19 71 78
19 72 94
19 73 96
19 75 156
19 79 12
19 80 150
19 82 43
19 83 86
19 84 55
19 85 46
19 86 43
19 87 126
19 89 74
19 90 40
19 94 70
19 97 31
19 98 48
19 101 160
19 102 133
19 104 106
19 105 19
19 106 95
19 107 78
19 108 83
19 109 71
19 110 116
19 111 132
19 112 35
19 113 76
19 115 80
19 118 97
19 120 85
19 124 43
19 126 149
19 127 154
19 131 41
19 132 148
19 133 13
19 t 160
20 1 16
20 3 42
20 4 151
20 6 90
20 7 86
20 9 70
20 11 155
20 12 140
20 13 134
20 14 127
20 16 133
20 17 55
20 18 61
20 19 26
20 21 71
20 22 23
20 23 39
20 24 141
20 25 16
20 26 40
20 27 126
20 28 14
20 29 103
20 30 75
20 33 132
20 34 78
20 35 40
20 36 140
20 38 61
20 40 114
20 41 129
20 42 99
20 43 58
20 45 70
20 46 109
20 47 40
20 49 72
20 51 147
20 52 27
20 55 152
20 62 19
20 63 116
20 65 80
20 66 159
20 68 87
20 70 31
20 71 54
20 72 121
20 74 43
20 75 138
20 76 53
20 77 18
20 79 79
20 80 156
20 81 89
20 82 141
20 83 106
20 84 16
20 87 32
20 88 118
20 90 152
20 92 100
20 93 69
20 94 45
20 96 74
20 98 39
20 100 54
20 102 120
20 103 46
20 104 43
20 105 39
20 107 84
20 108 35
20 110 151
20 111 76
20 112 37
20 113 45
20 114 13
20 115 79
20 116 157
20 119 127
20 120 97
20 121 59
20 122 93
20 123 147
20 124 97
20 126 156
20 129 123
20 130 41
20 131 46
20 133 83
20 134 115
21 1 89
21 2 117
21 3 23
21 4 42
21 6 71
21 7 46
21 9 45
21 11 119
21 13 69
21 14 129
21 15 87
21 16 77
21 17 93
21 18 126
21 19 120
21 20 71
21 24 11
21 25 40
21 26 47
21 28 50
21 29 66
21 30 12
21 33 107
21 37 151
21 39 158
21 40 128
21 42 139
21 43 150
21 44 110
21 45 94
21 46 88
21 50 144
21 51 133
21 53 58
21 54 155
21 57 112
21 58 15
21 60 42
21 62 151
21 63 153
21 64 96
21 65 76
21 66 109
21 68 119
21 70 115
21 71 66
21 73 98
21 78 143
21 79 75
21 81 57
21 82 131
21 83 90
21 84 68
21 85 103
21 86 66
21 89 14
21 91 78
21 92 150
21 93 70
21 95 115
21 96 106
21 97 147
21 98 63
21 99 54
21 102 74
21 103 160
21 104 79
21 105 97
21 106 160
21 107 31
21 108 103
21 109 123
21 111 84
21 112 24
21 113 100
21 114 62
21 116 28
21 117 50
21 118 113
21 123 85
21 124 135
21 125 75
21 126 144
21 127 131
21 128 89
21 130 119
21 132 53
21 t 54
22 1 122
22 3 48
22 4 107
22 5 78
22 6 55
22 8 42
22 9 17
22 12 137
22 13 85
22 14 38
22 15 90
22 20 23
22 23 135
22 25 58
22 27 147
22 28 46
22 29 129
22 31 144
22 32 59
22 33 157
22 34 142
22 35 52
22 36 112
22 39 70
22 40 88
22 41 31
22 42 154
22 44 43
22 46 33
22 49 18
22 50 156
22 51 12
22 52 23
22 54 123
22 56 148
22 57 23
22 59 140
22 60 24
22 61 90
22 62 143
22 63 115
22 64 46
22 65 106
22 66 69
22 67 52
22 71 77
22 72 91
22 73 144
22 76 22
22 77 137
22 78 144
22 79 13
22 81 153
22 82 145
22 83 107
22 85 49
22 86 74
22 87 125
22 88 63
22 90 112
22 91 118
22 92 72
22 93 76
22 94 48
22 96 155
22 98 71
22 99 128
22 102 129
22 103 140
22 105 145
22 106 58
22 107 78
22 108 136
22 110 49
22 111 150
22 112 27
22 114 62
22 115 40
22 116 141
22 119 117
22 120 115
22 123 97
22 124 117
22 125 59
22 126 70
22 127 70
22 129 55
22 130 72
22 131 52
22 132 53
22 t 89
23 1 55
23 2 41
23 4 62
23 5 156
23 7 92
23 9 30
23 10 86
23 11 134
23 12 130
23 13 99
23 14 146
23 15 79
23 16 152
23 17 42
23 18 155
23 19 49
23 20 39
23 22 135
23 25 128
23 27 159
23 28 157
23 31 127
23 33 96
23 34 158
23 35 108
23 38 25
23 39 49
23 40 64
23 41 108
23 43 135
23 44 102
23 45 148
23 46 139
23 48 120
23 49 98
23 53 67
23 54 105
23 56 85
23 58 157
23 59 60
23 62 61
23 65 104
23 66 119
23 68 18
23 70 147
23 71 146
23 72 94
23 74 48
23 75 107
23 77 43
23 78 132
23 79 12
23 80 94
23 83 59
23 84 33
23 85 38
23 86 66
23 87 92
23 88 96
23 89 88
23 90 134
23 93 142
23 96 120
23 98 122
23 99 147
23 102 62
23 105 72
23 106 25
23 107 157
23 108 37
23 110 137
23 113 149
23 116 136
23 117 96
23 118 63
23 121 127
23 122 31
23 123 58
23 125 95
23 128 147
23 130 78
23 132 34
23 133 37
23 t 51
24 1 95
24 2 148
24 3 19
24 4 26
24 5 54
24 6 25
24 7 119
24 9 136
24 11 68
24 13 58
24 14 138
24 17 31
24 18 152
24 19 108
24 20 141
24 21 11
24 25 59
24 27 50
24 28 142
24 29 60
24 31 21
24 32 104
24 33 38
24 34 96
24 37 92
24 38 157
24 40 71
24 41 90
24 42 129
24 46 23
24 47 92
24 48 75
24 49 79
24 50 96
24 51 101
24 52 126
24 53 152
24 54 100
24 55 68
24 57 109
24 58 125
24 59 42
24 60 101
24 61 77
24 62 94
24 65 118
24 66 141
24 68 75
24 72 159
24 74 12
24 75 13
24 76 25
24 77 107
24 78 89
24 81 20
24 82 61
24 83 108
24 84 128
24 85 48
24 86 134
24 88 141
24 89 76
24 90 118
24 91 94
24 92 75
24 94 54
24 95 115
24 96 132
24 97 44
24 99 153
24 101 75
24 103 49
24 105 89
24 106 111
24 107 122
24 108 73
24 109 82
24 112 42
24 113 132
24 116 62
24 117 29
24 119 21
24 120 99
24 122 108
24 123 128
24 125 154
24 126 106
24 127 55
24 130 17
24 132 34
24 134 14
24 t 34
25 3 125
25 6 132
25 7 44
25 9 130
25 10 124
25 12 90
25 13 50
25 14 103
25 15 56
25 18 41
25 19 136
25 20 16
25 21 40
25 22 58
25 23 128
25 24 59
25 29 148
25 30 122
25 33 38
25 34 144
25 35 146
25 37 109
25 38 92
25 40 149
25 41 115
25 42 93
25 45 64
25 46 13
25 48 153
25 49 36
25 50 141
25 52 72
25 53 158
25 54 128
25 55 77
25 56 69
25 57 110
25 58 131
25 59 133
25 60 120
25 61 35
25 63 137
25 64 119
25 66 49
25 67 46
25 69 15
25 71 87
25 72 63
25 74 48
25 75 119
25 76 18
25 77 122
25 78 95
25 79 41
25 80 130
25 81 91
25 82 47
25 83 67
25 84 88
25 86 65
25 88 101
25 89 109
25 90 52
25 93 27
25 100 152
25 101 73
25 104 93
25 107 109
25 108 32
25 110 133
25 111 151
25 113 132
25 114 147
25 116 74
25 117 97
25 118 86
25 119 70
25 121 64
25 124 85
25 125 81
25 126 38
25 127 23
25 128 59
25 129 73
25 130 33
25 131 117
25 132 44
25 133 64
25 134 152
26 1 125
26 2 134
26 3 126
26 6 32
26 7 131
26 9 30
26 10 42
26 14 59
26 15 59
26 16 60
26 17 88
26 19 74
26 20 40
26 21 47
26 27 126
26 28 114
26 29 85
26 31 28
26 32 156
26 34 160
26 35 141
26 39 12
26 40 107
26 41 139
26 42 146
26 43 113
26 44 129
26 48 105
26 52 110
26 53 89
26 54 48
26 55 39
26 56 79
26 57 117
26 58 97
26 59 52
26 60 84
26 61 87
26 63 104
26 65 136
26 66 130
26 67 85
26 68 114
26 70 16
26 71 56
26 73 154
26 80 127
26 82 11
26 84 51
26 86 146
26 88 64
26 89 115
26 92 113
26 94 132
26 95 155
26 96 28
26 97 40
26 98 153
26 99 42
26 100 107
26 101 59
26 102 66
26 103 25
26 104 61
26 105 21
26 106 79
26 107 20
26 108 124
26 109 99
26 110 29
26 112 157
26 113 114
26 114 150
26 115 50
26 116 99
26 117 97
26 125 152
26 128 16
26 129 117
26 131 107
26 133 31
26 t 118
27 1 96
27 3 15
27 5 63
27 6 68
27 7 37
27 8 37
27 10 109
27 12 104
27 13 148
27 20 126
27 22 147
27 23 159
27 24 50
27 26 126
27 28 134
27 30 71
27 31 68
27 33 144
27 35 63
27 36 37
27 38 76
27 39 84
27 40 46
27 43 79
27 45 53
27 46 120
27 47 66
27 49 71
27 51 154
27 54 20
27 56 50
27 58 122
27 59 145
27 60 126
27 63 12
27 64 81
27 66 97
27 67 138
27 69 68
27 70 25
27 71 128
27 72 57
27 73 132
27 74 75
27 75 131
27 76 146
27 77 127
27 81 83
27 82 31
27 83 71
27 86 135
27 87 130
27 88 35
27 89 54
27 91 67
27 93 113
27 94 65
27 96 29
27 99 107
27 104 90
27 105 121
27 108 20
27 109 111
27 110 90
27 113 29
27 116 12
27 119 46
27 120 134
27 121 97
27 123 157
27 124 100
27 125 38
27 126 36
27 128 44
27 129 160
27 131 41
27 133 115
27 134 26
27 t 60
28 2 153
28 3 120
28 4 125
28 5 36
28 6 15
28 8 19
28 9 35
28 12 83
28 14 117
28 15 124
28 16 132
28 19 129
28 20 14
28 21 50
28 22 46
28 23 157
28 24 142
28 26 114
28 27 134
28 29 125
28 30 46
28 31 76
28 36 125
28 37 157
28 38 64
28 39 92
28 41 97
28 42 159
28 43 126
28 45 19
28 46 64
28 47 156
28 48 88
28 50 117
28 51 53
28 56 122
28 57 61
28 60 150
28 61 64
28 62 89
28 63 53
28 64 145
28 66 72
28 68 77
28 70 22
28 71 66
28 76 101
28 77 80
28 78 118
28 79 64
28 80 84
28 81 67
28 82 70
28 83 115
28 85 87
28 86 61
28 89 141
28 91 24
28 93 35
28 94 117
28 96 18
28 97 40
28 98 150
28 99 85
28 100 109
28 101 56
28 102 48
28 104 68
28 105 69
28 106 27
28 107 92
28 109 52
28 112 128
28 114 96
28 116 48
28 117 61
28 118 103
28 120 95
28 121 61
28 123 126
28 124 49
28 125 92
28 127 12
28 129 60
28 130 136
28 134 37
29 1 157
29 3 79
29 4 19
29 5 14
29 7 19
29 9 83
29 11 41
29 14 112
29 15 101
29 16 80
29 17 142
29 18 79
29 19 80
29 20 103
29 21 66
29 22 129
29 24 60
29 25 148
29 26 85
29 28 125
29 30 23
29 31 95
29 32 114
29 33 49
29 35 40
29 37 132
29 38 61
29 39 42
29 41 87
29 42 134
29 47 78
29 48 153
29 51 59
29 52 122
29 53 116
29 54 156
29 55 74
29 56 107
29 58 21
29 60 85
29 62 109
29 63 80
29 64 33
29 65 33
29 67 41
29 69 154
29 70 60
29 72 60
29 74 68
29 76 63
29 78 101
29 80 57
29 81 132
29 82 159
29 86 94
29 90 153
29 94 154
29 95 145
29 96 51
29 100 50
29 101 64
29 102 63
29 103 105
29 104 35
29 105 74
29 106 43
29 107 89
29 108 115
29 109 22
29 110 140
29 111 147
29 112 35
29 113 96
29 114 66
29 115 110
29 116 158
29 117 88
29 118 87
29 120 26
29 122 115
29 123 77
29 125 64
29 126 131
29 127 108
29 131 139
29 132 48
29 133 134
29 134 30
29 t 133
30 1 31
30 3 53
30 6 97
30 7 125
30 8 103
30 10 145
30 12 31
30 13 152
30 14 106
30 17 66
30 18 79
30 19 64
30 20 75
30 21 12
30 25 122
30 27 71
30 28 46
30 29 23
30 31 84
30 33 61
30 34 60
30 35 119
30 36 149
30 37 24
30 39 34
30 40 151
30 41 102
30 42 95
30 43 72
30 44 17
30 45 133
30 46 80
30 47 159
30 48 41
30 49 123
30 50 62
30 52 59
30 56 72
30 57 134
30 58 112
30 60 111
30 62 86
30 64 25
30 65 84
30 66 24
30 67 58
30 68 74
30 69 38
30 73 17
30 74 97
30 75 57
30 76 78
30 77 75
30 79 35
30 82 155
30 86 27
30 87 97
30 88 71
30 90 129
30 91 66
30 97 58
30 98 108
30 99 90
30 100 80
30 103 111
30 104 36
30 108 70
30 111 140
30 114 14
30 115 129
30 116 14
30 117 138
30 119 17
30 120 159
30 121 101
30 122 34
30 123 67
30 124 65
30 127 49
30 128 133
30 129 41
30 130 143
30 131 121
30 132 123
30 133 129
30 t 42
31 1 81
31 2 70
31 3 22
31 4 22
31 7 151
31 8 70
31 9 135
31 11 66
31 16 107
31 18 121
31 19 111
31 22 144
31 23 127
31 24 21
31 26 28
31 27 68
31 28 76
31 29 95
31 30 84
31 33 49
31 35 68
31 36 46
31 38 88
31 39 85
31 40 149
31 41 44
31 42 46
31 45 21
31 46 107
31 48 119
31 49 48
31 50 114
31 51 80
31 54 81
31 56 77
31 57 144
31 58 127
31 60 21
31 62 157
31 63 25
31 64 35
31 66 41
31 68 108
31 69 92
31 71 12
31 73 99
31 74 158
31 76 33
31 77 107
31 78 62
31 79 136
31 80 14
31 82 44
31 83 61
31 84 23
31 85 27
31 86 48
31 87 137
31 89 76
31 90 128
31 91 33
31 92 22
31 93 48
31 94 27
31 95 88
31 96 100
31 97 157
31 98 15
31 99 146
31 101 73
31 102 135
31 107 89
31 108 83
31 109 99
31 110 82
31 111 130
31 113 13
31 114 136
31 116 43
31 117 117
31 118 122
31 120 120
31 121 101
31 122 150
31 128 86
31 130 107
31 131 67
31 132 50
31 133 66
31 t 127
32 1 59
32 3 63
32 4 139
32 5 92
32 7 159
32 8 36
32 10 100
32 11 143
32 12 60
32 14 134
32 15 124
32 16 119
32 17 37
32 18 146
32 19 130
32 22 59
32 24 104
32 26 156
32 29 114
32 35 101
32 37 43
32 39 78
32 40 103
32 41 35
32 42 133
32 43 133
32 44 113
32 45 46
32 46 106
32 47 137
32 48 69
32 49 72
32 50 57
32 51 149
32 52 58
32 56 158
32 57 102
32 58 105
32 60 88
32 61 77
32 62 131
32 63 113
32 65 137
32 67 94
32 68 66
32 69 75
32 70 111
32 71 70
32 72 52
32 73 32
32 74 106
32 75 62
32 76 59
32 78 145
32 79 85
32 80 146
32 82 17
32 83 20
32 86 42
32 88 155
32 89 122
32 90 95
32 91 115
32 93 37
32 94 63
32 99 137
32 101 38
32 103 34
32 104 146
32 105 66
32 106 43
32 108 28
32 109 112
32 110 156
32 111 44
32 112 132
32 114 142
32 115 126
32 116 119
32 117 112
32 118 25
32 119 28
32 121 14
32 122 91
32 125 120
32 126 98
32 127 31
32 128 49
32 129 47
32 130 95
32 132 16
32 133 106
32 t 49
33 3 66
33 6 48
33 7 99
33 8 141
33 10 11
33 11 15
33 12 151
33 13 43
33 14 74
33 15 114
33 17 156
33 20 132
33 21 107
33 22 157
33 23 96
33 24 38
33 25 38
33 27 144
33 29 49
33 30 61
33 31 49
33 34 100
33 36 16
33 38 55
33 41 128
33 44 44
33 45 74
33 46 99
33 47 79
33 48 32
33 51 100
33 52 153
33 53 85
33 54 148
33 55 125
33 57 45
33 59 36
33 60 106
33 61 142
33 62 128
33 64 57
33 65 153
33 66 136
33 67 31
33 69 50
33 70 22
33 71 134
33 72 74
33 74 132
33 76 90
33 77 81
33 79 55
33 80 87
33 81 131
33 82 131
33 84 49
33 85 89
33 86 15
33 87 112
33 90 106
33 92 64
33 93 44
33 94 116
33 95 24
33 101 35
33 103 122
33 104 32
33 105 79
33 106 152
33 109 104
33 110 54
33 111 134
33 112 97
33 114 12
33 117 121
33 118 81
33 120 83
33 121 111
33 122 64
33 123 94
33 124 130
33 128 31
33 130 124
33 131 149
33 132 64
33 133 99
34 1 82
34 3 143
34 5 144
34 6 144
34 7 116
34 8 150
34 9 21
34 10 152
34 11 145
34 14 90
34 16 56
34 17 115
34 18 46
34 19 49
34 20 78
34 22 142
34 23 158
34 24 96
34 25 144
34 26 160
34 30 60
34 33 100
34 36 146
34 37 94
34 40 103
34 41 91
34 42 148
34 43 139
34 45 94
34 47 50
34 48 144
34 49 126
34 52 83
34 54 149
34 55 158
34 56 26
34 57 89
34 58 98
34 60 11
34 61 155
34 63 63
34 65 37
34 66 16
34 67 24
34 68 97
34 70 32
34 71 121
34 72 45
34 73 158
34 74 111
34 75 106
34 78 90
34 79 75
34 80 124
34 82 87
34 83 62
34 84 71
34 86 112
34 88 55
34 90 105
34 93 102
34 94 13
34 96 24
34 97 152
34 98 146
34 99 129
34 100 102
34 101 105
34 102 51
34 104 80
34 107 62
34 110 155
34 111 38
34 112 47
34 113 136
34 114 101
34 117 70
34 119 148
34 122 125
34 123 82
34 124 38
34 125 86
34 126 127
34 127 70
34 130 107
34 131 148
34 132 153
34 133 50
34 134 26
34 t 76
35 1 56
35 2 149
35 3 122
35 5 104
35 7 43
35 8 133
35 9 69
35 13 96
35 15 107
35 16 128
35 18 72
35 20 40
35 22 52
35 23 108
35 25 146
35 26 141
35 27 63
35 29 40
35 30 119
35 31 68
35 32 101
35 36 73
35 38 148
35 40 114
35 41 95
35 42 41
35 43 139
35 44 113
35 45 32
35 46 117
35 47 91
35 48 55
35 49 91
35 50 101
35 52 38
35 55 88
35 56 140
35 57 99
35 59 124
35 60 92
35 61 61
35 64 141
35 66 100
35 67 107
35 68 150
35 70 89
35 72 104
35 73 21
35 75 77
35 76 145
35 77 140
35 79 104
35 84 28
35 86 71
35 89 88
35 91 23
35 92 89
35 93 60
35 94 150
35 95 86
35 96 131
35 97 36
35 99 110
35 102 39
35 103 60
35 104 139
35 105 121
35 106 126
35 107 135
35 110 141
35 111 104
35 112 67
35 113 71
35 114 105
35 115 45
35 118 114
35 119 94
35 120 84
35 121 90
35 125 115
35 126 64
35 127 32
35 128 144
35 129 58
35 130 49
35 133 75
35 134 158
35 t 109
36 4 150
36 5 72
36 7 29
36 9 129
36 11 73
36 13 32
36 15 138
36 16 137
36 19 25
36 20 140
36 22 112
36 27 37
36 28 125
36 30 149
36 31 46
36 33 16
36 34 146
36 35 73
36 37 92
36 38 25
36 39 116
36 41 92
36 42 90
36 44 117
36 45 56
36 46 60
36 47 11
36 48 105
36 49 112
36 50 160
36 53 20
36 54 149
36 57 58
36 58 130
36 59 115
36 60 31
36 61 116
36 63 66
36 65 32
36 67 129
36 68 45
36 69 32
36 71 54
36 73 82
36 75 117
36 76 14
36 79 153
36 81 71
36 82 27
36 83 158
36 86 77
36 88 93
36 90 127
36 93 65
36 94 17
36 95 11
36 96 34
36 97 113
36 98 144
36 99 15
36 101 85
36 102 122
36 104 160
36 105 47
36 106 49
36 107 158
36 108 82
36 110 32
36 111 93
36 112 75
36 113 125
36 115 30
36 116 18
36 117 132
36 118 42
36 119 100
36 121 153
36 123 22
36 124 63
36 125 153
36 126 77
36 128 29
36 129 127
36 134 37
37 2 150
37 5 103
37 6 89
37 10 150
37 12 63
37 13 63
37 14 113
37 15 105
37 19 141
37 21 151
37 24 92
37 25 109
37 28 157
37 29 132
37 30 24
37 32 43
37 34 94
37 36 92
37 43 157
37 44 16
37 45 13
37 46 70
37 48 158
37 49 25
37 50 122
37 53 80
37 57 144
37 60 87
37 61 23
37 64 13
37 65 53
37 66 27
37 67 48
37 68 43
37 69 66
37 71 140
37 72 56
37 73 139
37 74 160
37 75 144
37 77 117
37 78 56
37 79 80
37 81 83
37 82 144
37 83 113
37 84 153
37 86 77
37 87 53
37 88 120
37 89 144
37 91 120
37 92 28
37 93 130
37 94 114
37 95 159
37 97 71
37 98 91
37 99 45
37 100 117
37 101 16
37 103 103
37 104 139
37 105 22
37 106 143
37 107 22
37 111 92
37 112 90
37 113 81
37 114 107
37 115 39
37 117 134
37 118 118
37 121 19
37 124 95
37 125 134
37 127 36
37 130 141
37 131 101
37 132 77
37 t 117
38 3 122
38 4 15
38 5 40
38 6 136
38 7 141
38 9 70
38 11 59
38 14 92
38 15 129
38 16 81
38 17 20
38 20 61
38 23 25
38 24 157
38 25 92
38 27 76
38 28 64
38 29 61
38 31 88
38 33 55
38 35 148
38 36 25
38 39 50
38 40 33
38 42 19
38 43 137
38 44 65
38 45 34
38 47 102
38 53 56
38 54 144
38 56 129
38 57 58
38 58 42
38 59 55
38 60 103
38 61 145
38 62 14
38 63 29
38 65 89
38 66 132
38 67 82
38 68 44
38 70 35
38 71 126
38 72 26
38 74 62
38 75 112
38 76 126
38 78 27
38 80 131
38 81 79
38 82 50
38 83 37
38 85 50
38 86 105
38 87 11
38 88 77
38 90 19
38 91 38
38 92 120
38 93 45
38 95 57
38 97 48
38 101 15
38 102 68
38 103 35
38 105 109
38 106 150
38 107 61
38 109 101
38 111 103
38 114 142
38 115 133
38 116 81
38 119 76
38 122 21
38 123 69
38 124 27
38 126 20
38 127 84
38 128 139
38 129 149
38 130 67
38 131 138
38 132 29
38 133 43
38 134 28
38 t 121
39 5 139
39 6 122
39 7 118
39 9 89
39 10 93
39 12 94
39 13 153
39 14 74
39 15 104
39 16 101
39 18 38
39 19 109
39 21 158
39 22 70
39 23 49
39 26 12
39 27 84
39 28 92
39 29 42
39 30 34
39 31 85
39 32 78
39 36 116
39 38 50
39 41 92
39 42 145
39 43 59
39 46 21
39 49 63
39 51 42
39 52 140
39 53 147
39 54 22
39 55 147
39 61 89
39 62 113
39 63 154
39 64 72
39 65 22
39 67 52
39 68 31
39 69 114
39 70 65
39 71 82
39 72 138
39 74 145
39 75 91
39 76 159
39 77 95
39 78 30
39 79 20
39 81 70
39 82 69
39 83 157
39 84 87
39 85 86
39 87 77
39 88 79
39 89 75
39 92 112
39 93 115
39 94 146
39 97 117
39 98 40
39 101 72
39 102 136
39 103 87
39 104 144
39 105 39
39 106 51
39 107 85
39 109 45
39 110 69
39 112 156
39 113 15
39 115 65
39 116 66
39 117 68
39 118 101
39 119 36
39 120 13
39 123 93
39 126 72
39 128 113
39 129 136
39 130 66
39 131 75
39 132 134
39 133 77
39 t 52
40 2 107
40 3 127
40 4 104
40 6 45
40 7 12
40 9 146
40 10 106
40 11 76
40 12 155
40 15 125
40 16 69
40 17 155
40 18 112
40 19 50
40 20 114
40 21 128
40 22 88
40 23 64
40 24 71
40 25 149
40 26 107
40 27 46
40 30 151
40 31 149
40 32 103
40 34 103
40 35 114
40 38 33
40 42 40
40 43 75
40 44 47
40 45 73
40 47 55
40 48 54
40 49 113
40 50 147
40 51 68
40 53 135
40 55 30
40 57 130
40 59 65
40 60 118
40 63 58
40 64 69
40 65 22
40 66 113
40 67 99
40 69 150
40 71 35
40 72 113
40 73 123
40 74 131
40 75 68
40 76 141
40 77 108
40 83 29
40 84 125
40 86 101
40 87 129
40 88 79
40 90 143
40 94 63
40 95 102
40 96 73
40 97 88
40 98 82
40 99 102
40 100 37
40 101 111
40 102 29
40 103 70
40 104 62
40 105 129
40 106 40
40 108 101
40 109 24
40 110 64
40 113 25
40 114 126
40 115 135
40 116 97
40 118 24
40 119 138
40 120 32
40 121 52
40 123 114
40 124 132
40 125 85
40 126 56
40 128 159
40 129 45
40 131 117
40 132 45
40 133 67
40 134 36
40 t 25
41 1 125
41 2 156
41 4 110
41 5 91
41 6 91
41 7 103
41 10 68
41 11 124
41 12 73
41 14 95
41 15 95
41 16 82
41 17 134
41 18 57
41 20 129
41 22 31
41 23 108
41 24 90
41 25 115
41 26 139
41 28 97
41 29 87
41 30 102
41 31 44
41 32 35
41 33 128
41 34 91
41 35 95
41 36 92
41 39 92
41 44 103
41 45 147
41 46 16
41 47 48
41 48 51
41 49 14
41 50 30
41 54 102
41 55 56
41 58 160
41 59 79
41 61 69
41 62 78
41 63 46
41 64 95
41 65 30
41 66 111
41 67 55
41 70 96
41 71 123
41 72 111
41 73 150
41 74 123
41 75 131
41 76 117
41 78 112
41 82 27
41 83 106
41 84 11
41 85 126
41 89 155
41 90 76
41 93 159
41 95 67
41 97 149
41 101 11
41 102 36
41 104 117
41 105 104
41 106 48
41 107 22
41 108 138
41 109 135
41 110 112
41 111 142
41 114 95
41 115 30
41 116 86
41 117 116
41 118 61
41 119 137
41 122 133
41 123 153
41 125 130
41 127 109
41 128 143
41 129 129
41 130 120
41 131 74
41 132 25
41 134 103
42 3 46
42 4 40
42 8 83
42 10 109
42 12 117
42 14 24
42 15 14
42 16 18
42 18 137
42 19 76
42 20 99
42 21 139
42 22 154
42 24 129
42 25 93
42 26 146
42 28 159
42 29 134
42 30 95
42 31 46
42 32 133
42 34 148
42 35 41
42 36 90
42 38 19
42 39 145
42 40 40
42 43 136
42 47 136
42 48 119
42 50 40
42 51 141
42 52 93
42 53 135
42 54 14
42 55 29
42 56 95
42 58 107
42 60 19
42 62 29
42 63 72
42 64 117
42 66 43
42 67 34
42 68 56
42 70 133
42 71 118
42 73 147
42 75 27
42 76 27
42 77 54
42 78 87
42 79 132
42 81 80
42 82 142
42 83 136
42 86 68
42 87 51
42 90 132
42 91 84
42 92 155
42 93 33
42 94 104
42 96 21
42 98 83
42 99 83
42 100 41
42 102 159
42 103 120
42 104 38
42 105 23
42 106 96
42 109 42
42 110 82
42 111 139
42 113 119
42 114 12
42 116 140
42 117 46
42 118 117
42 119 58
42 120 117
42 122 107
42 123 89
42 124 93
42 127 125
42 128 117
42 129 17
42 131 18
42 132 31
42 134 65
43 1 85
43 3 126
43 4 141
43 7 50
43 8 59
43 9 94
43 11 51
43 12 77
43 13 19
43 14 143
43 15 124
43 17 130
43 18 69
43 19 153
43 20 58
43 21 150
43 23 135
43 26 113
43 27 79
43 28 126
43 30 72
43 32 133
43 34 139
43 35 139
43 37 157
43 38 137
43 39 59
43 40 75
43 42 136
43 46 78
43 48 90
43 49 46
43 51 54
43 53 12
43 54 73
43 55 76
43 56 159
43 59 107
43 60 38
43 61 124
43 64 74
43 65 106
43 68 32
43 70 144
43 71 46
43 72 111
43 73 49
43 74 13
43 75 154
43 76 105
43 77 57
43 78 137
43 79 53
43 80 71
43 85 15
43 86 76
43 88 147
43 89 126
43 90 158
43 91 75
43 93 67
43 96 36
43 97 159
43 98 24
43 99 112
43 100 73
43 102 154
43 103 109
43 105 159
43 106 21
43 108 150
43 109 42
43 111 139
43 112 34
43 113 129
43 114 122
43 116 64
43 117 81
43 120 27
43 121 82
43 122 146
43 123 118
43 125 81
43 126 94
43 128 132
43 130 137
43 131 31
43 132 65
43 133 34
44 3 124
44 4 123
44 5 147
44 6 150
44 7 23
44 9 22
44 10 49
44 13 53
44 14 149
44 16 67
44 17 130
44 18 43
44 19 23
44 21 110
44 22 43
44 23 102
44 26 129
44 30 17
44 32 113
44 33 44
44 35 113
44 36 117
44 37 16
44 38 65
44 40 47
44 41 103
44 45 144
44 46 30
44 49 92
44 51 45
44 53 50
44 54 99
44 55 85
44 56 79
44 58 22
44 60 36
44 63 13
44 64 125
44 65 25
44 67 79
44 70 83
44 72 58
44 73 62
44 74 145
44 75 125
44 76 24
44 77 153
44 78 32
44 79 54
44 81 45
44 82 111
44 84 86
44 85 130
44 88 86
44 90 131
44 91 31
44 92 157
44 93 148
44 96 106
44 97 156
44 98 132
44 99 45
44 100 133
44 101 64
44 102 100
44 104 85
44 106 108
44 107 131
44 108 34
44 109 121
44 110 24
44 111 121
44 112 136
44 113 128
44 114 123
44 115 119
44 116 24
44 117 53
44 118 21
44 119 52
44 121 150
44 122 74
44 124 30
44 125 38
44 126 143
44 127 108
44 128 131
44 129 136
44 130 105
44 131 108
44 132 18
44 133 78
45 1 31
45 2 75
45 5 104
45 7 63
45 9 50
45 10 139
45 12 153
45 13 140
45 15 59
45 17 137
45 18 53
45 20 70
45 21 94
45 23 148
45 25 64
45 27 53
45 28 19
45 30 133
45 31 21
45 32 46
45 33 74
45 34 94
45 35 32
45 36 56
45 37 13
45 38 34
45 40 73
45 41 147
45 44 144
45 46 83
45 47 134
45 48 133
45 50 39
45 51 107
45 53 41
45 54 97
45 55 48
45 59 73
45 60 67
45 62 88
45 63 103
45 64 116
45 65 97
45 67 36
45 68 94
45 69 30
45 70 120
45 71 126
45 72 19
45 73 159
45 74 155
45 75 85
45 76 115
45 77 44
45 78 29
45 80 112
45 82 32
45 84 143
45 85 55
45 86 154
45 88 83
45 89 143
45 92 128
45 94 11
45 95 81
45 96 101
45 97 69
45 99 115
45 101 14
45 103 84
45 104 141
45 105 135
45 106 45
45 107 23
45 108 113
45 109 100
45 110 73
45 111 26
45 113 72
45 114 44
45 115 140
45 116 36
45 117 132
45 121 118
45 122 99
45 123 151
45 124 46
45 125 98
45 126 29
45 127 58
45 128 80
45 129 85
45 130 52
45 134 123
45 t 138
46 2 67
46 3 90
46 4 148
46 5 13
46 7 124
46 8 29
46 10 147
46 11 148
46 13 31
46 14 13
46 15 74
46 17 99
46 20 109
46 21 88
46 22 33
46 23 139
46 24 23
46 25 13
46 27 120
46 28 64
46 30 80
46 31 107
46 32 106
46 33 99
46 35 117
46 36 60
46 37 70
46 39 21
46 41 16
46 43 78
46 44 30
46 45 83
46 47 84
46 49 26
46 50 15
46 52 106
46 54 136
46 55 21
46 57 60
46 58 96
46 61 66
46 62 119
46 66 43
46 68 70
46 69 110
46 70 148
46 71 122
46 72 151
46 73 40
46 74 24
46 75 93
46 80 38
46 82 75
46 84 20
46 85 22
46 86 78
46 88 140
46 90 57
46 93 14
46 96 103
46 97 12
46 98 120
46 99 121
46 101 45
46 103 137
46 104 54
46 105 128
46 106 77
46 107 19
46 108 129
46 109 157
46 110 111
46 113 77
46 114 74
46 116 64
46 117 67
46 118 90
46 119 142
46 121 142
46 122 26
46 125 131
46 126 136
46 128 114
46 129 108
46 130 33
46 131 160
46 133 103
46 134 89
46 t 116
47 1 68
47 2 79
47 3 23
47 4 25
47 7 98
47 8 44
47 9 21
47 10 73
47 12 35
47 15 60
47 16 34
47 17 114
47 18 44
47 19 125
47 20 40
47 24 92
47 27 66
47 28 156
47 29 78
47 30 159
47 32 137
47 33 79
47 34 50
47 35 91
47 36 11
47 38 102
47 40 55
47 41 48
47 42 136
47 45 134
47 46 84
47 49 20
47 51 87
47 52 45
47 53 152
47 54 54
47 56 70
47 59 79
47 60 23
47 61 105
47 63 76
47 64 64
47 65 105
47 67 27
47 68 156
47 69 84
47 70 29
47 71 38
47 72 69
47 74 45
47 75 148
47 76 107
47 77 41
47 78 110
47 79 139
47 81 69
47 82 126
47 83 118
47 84 34
47 85 84
47 86 114
47 87 36
47 89 144
47 91 27
47 92 125
47 96 58
47 98 91
47 99 72
47 100 16
47 101 36
47 102 147
47 103 45
47 104 21
47 106 93
47 107 102
