s 1 21
s 2 43
s 3 71
s 5 114
s 6 61
s 7 50
s 8 104
s 10 116
s 12 82
s 13 89
s 15 89
s 18 116
s 19 77
s 20 88
s 21 59
s 22 52
s 24 95
s 27 54
s 28 35
s 29 68
s 30 54
1 2 17
1 3 49
1 4 65
1 5 111
1 6 20
1 7 72
1 8 87
1 10 121
1 14 78
1 15 41
1 17 60
1 19 116
1 21 50
1 23 37
1 24 76
1 25 42
1 26 80
1 27 49
1 28 82
1 30 62
1 31 78
1 t 61
2 1 17
2 3 110
2 7 72
2 9 48
2 10 96
2 13 34
2 15 69
2 16 116
2 18 75
2 19 89
2 20 47
2 21 39
2 22 82
2 24 59
2 25 103
2 26 117
2 27 59
2 28 22
2 29 54
2 30 120
2 31 18
3 1 49
3 2 110
3 5 56
3 6 116
3 7 56
3 10 86
3 11 56
3 12 98
3 16 121
3 18 104
3 20 20
3 21 25
3 22 67
3 23 48
3 24 43
3 27 99
3 28 59
3 29 37
3 30 47
3 31 80
4 1 65
4 5 35
4 7 104
4 8 31
4 9 120
4 10 35
4 11 60
4 13 84
4 14 52
4 15 75
4 17 57
4 21 99
4 22 91
4 23 33
4 25 28
4 27 49
4 29 17
4 30 101
4 31 98
4 t 116
5 1 111
5 3 56
5 4 35
5 6 93
5 7 23
5 10 115
5 11 45
5 12 84
5 13 106
5 14 120
5 16 71
5 18 82
5 19 88
5 20 52
5 24 107
5 26 117
5 27 108
5 29 69
5 30 56
5 31 30
5 t 19
6 1 20
6 3 116
6 5 93
6 8 82
6 9 17
6 10 83
6 12 57
6 13 109
6 14 85
6 15 69
6 16 95
6 18 61
6 20 59
6 22 28
6 25 55
6 26 56
6 27 38
6 28 53
6 30 28
6 t 101
7 1 72
7 2 72
7 3 56
7 4 104
7 5 23
7 9 96
7 11 107
7 12 42
7 14 27
7 16 107
7 18 61
7 19 28
7 21 16
7 22 60
7 25 113
7 26 23
7 27 77
7 28 36
7 t 16
8 1 87
8 4 31
8 6 82
8 10 34
8 12 53
8 13 79
8 14 63
8 15 92
8 16 104
8 17 36
8 18 99
8 21 109
8 22 47
8 23 89
8 24 45
8 26 66
8 27 107
8 28 69
8 30 21
8 31 99
9 2 48
9 4 120
9 6 17
9 7 96
9 10 73
9 11 16
9 14 106
9 16 21
9 17 82
9 18 28
9 19 15
9 21 79
9 22 25
9 23 59
9 25 48
9 26 94
9 27 43
9 28 31
9 30 15
9 31 115
9 t 19
10 1 121
10 2 96
10 3 86
10 4 35
10 5 115
10 6 83
10 8 34
10 9 73
10 14 30
10 16 57
10 20 96
10 21 76
10 23 76
10 24 95
10 31 51
10 t 78
11 3 56
11 4 60
11 5 45
11 7 107
11 9 16
11 12 60
11 13 81
11 16 113
11 17 114
11 18 83
11 19 37
11 20 104
11 22 25
11 23 61
11 24 94
11 27 61
11 28 103
11 29 62
11 t 119
12 3 98
12 5 84
12 6 57
12 7 42
12 8 53
12 11 60
12 13 97
12 15 61
12 16 115
12 17 115
12 18 96
12 20 68
12 21 76
12 24 30
12 25 90
12 27 48
12 30 90
12 t 38
13 2 34
13 4 84
13 5 106
13 6 109
13 8 79
13 11 81
13 12 97
13 15 60
13 17 34
13 20 64
13 22 55
13 24 86
13 26 66
13 27 108
13 29 25
14 1 78
14 4 52
14 5 120
14 6 85
14 7 27
14 8 63
14 9 106
14 10 30
14 16 52
14 17 96
14 18 48
14 19 106
14 22 103
14 23 38
14 26 27
14 29 59
14 30 87
14 31 101
14 t 101
15 1 41
15 2 69
15 4 75
15 6 69
15 8 92
15 12 61
15 13 60
15 16 101
15 18 58
15 19 54
15 20 85
15 21 42
15 22 19
15 23 121
15 25 38
15 28 87
16 2 116
16 3 121
16 5 71
16 6 95
16 7 107
16 8 104
16 9 21
16 10 57
16 11 113
16 12 115
16 14 52
16 15 101
16 17 61
16 19 46
16 21 113
16 23 104
16 25 69
16 27 48
16 28 56
16 29 52
16 30 83
16 31 56
17 1 60
17 4 57
17 8 36
17 9 82
17 11 114
17 12 115
17 13 34
17 14 96
17 16 61
17 19 31
17 20 40
17 22 28
17 23 17
17 25 82
17 26 101
17 27 107
17 28 74
17 30 81
17 31 93
17 t 93
18 2 75
18 3 104
18 5 82
18 6 61
18 7 61
18 8 99
18 9 28
18 11 83
18 12 96
18 14 48
18 15 58
18 19 23
18 21 24
18 22 19
18 23 48
18 25 63
18 28 73
18 29 81
18 30 103
18 31 83
18 t 33
19 1 116
19 2 89
19 5 88
19 7 28
19 9 15
19 11 37
19 14 106
19 15 54
19 16 46
19 17 31
19 18 23
19 21 43
19 22 91
19 24 26
19 25 21
19 26 53
19 27 19
19 28 100
19 29 29
20 2 47
20 3 20
20 5 52
20 6 59
20 10 96
20 11 104
20 12 68
20 13 64
20 15 85
20 17 40
20 21 24
20 22 25
20 24 109
20 25 47
20 26 112
20 27 44
20 28 28
20 29 112
20 30 39
20 31 53
20 t 91
21 1 50
21 2 39
21 3 25
21 4 99
21 7 16
21 8 109
21 9 79
21 10 76
21 12 76
21 15 42
21 16 113
21 18 24
21 19 43
21 20 24
21 27 108
21 28 40
21 29 52
21 31 36
21 t 32
22 2 82
22 3 67
22 4 91
22 6 28
22 7 60
22 8 47
22 9 25
22 11 25
22 13 55
22 14 103
22 15 19
22 17 28
22 18 19
22 19 91
22 20 25
22 23 70
22 24 36
22 25 113
22 26 26
22 28 89
22 29 97
22 30 31
22 31 43
22 t 44
23 1 37
23 3 48
23 4 33
23 8 89
23 9 59
23 10 76
23 11 61
23 14 38
23 15 121
23 16 104
23 17 17
23 18 48
23 22 70
23 24 73
23 26 37
23 27 26
23 29 55
23 30 81
23 31 30
23 t 21
24 1 76
24 2 59
24 3 43
24 5 107
24 8 45
24 10 95
24 11 94
24 12 30
24 13 86
24 19 26
24 20 109
24 22 36
24 23 73
24 26 109
24 27 17
24 28 15
24 29 24
24 30 116
24 t 16
25 1 42
25 2 103
25 4 28
25 6 55
25 7 113
25 9 48
25 12 90
25 15 38
25 16 69
25 17 82
25 18 63
25 19 21
25 20 47
25 22 113
25 26 67
25 27 20
25 29 43
25 30 95
25 31 46
25 t 77
26 1 80
26 2 117
26 5 117
26 6 56
26 7 23
26 8 66
26 9 94
26 13 66
26 14 27
26 17 101
26 19 53
26 20 112
26 22 26
26 23 37
26 24 109
26 25 67
26 27 116
26 29 31
26 30 19
26 31 36
27 1 49
27 2 59
27 3 99
27 4 49
27 5 108
27 6 38
27 7 77
27 8 107
27 9 43
27 11 61
27 12 48
27 13 108
27 16 48
27 17 107
27 19 19
27 20 44
27 21 108
27 23 26
27 24 17
27 25 20
27 26 116
27 29 94
27 t 104
28 1 82
28 2 22
28 3 59
28 6 53
28 7 36
28 8 69
28 9 31
28 11 103
28 15 87
28 16 56
28 17 74
28 18 73
28 19 100
28 20 28
28 21 40
28 22 89
28 24 15
28 29 95
28 30 120
28 t 86
29 2 54
29 3 37
29 4 17
29 5 69
29 11 62
29 13 25
29 14 59
29 16 52
29 18 81
29 19 29
29 20 112
29 21 52
29 22 97
29 23 55
29 24 24
29 25 43
29 26 31
29 27 94
29 28 95
29 30 17
29 31 33
30 1 62
30 2 120
30 3 47
30 4 101
30 5 56
30 6 28
30 8 21
30 9 15
30 12 90
30 14 87
30 16 83
30 17 81
30 18 103
30 20 39
30 22 31
30 23 81
30 24 116
30 25 95
30 26 19
30 28 120
30 29 17
30 t 88
31 1 78
31 2 18
31 3 80
31 4 98
31 5 30
31 8 99
31 9 115
31 10 51
31 14 101
31 16 56
31 17 93
31 18 83
31 20 53
31 21 36
31 22 43
31 23 30
31 25 46
31 26 36
31 29 33
