s 4 66
s 7 161
s 8 94
s 9 82
s 12 21
s 16 158
s 19 152
s 20 81
s 22 74
s 25 104
s 31 133
s 33 95
s 34 80
s 36 49
s 37 19
s 38 80
s 40 90
s 41 82
s 42 78
s 44 70
s 50 61
s 52 17
s 54 79
s 56 84
s 60 136
1 2 145
1 5 14
1 8 67
1 10 68
1 11 166
1 12 139
1 15 50
1 18 148
1 21 23
1 23 88
1 24 45
1 25 45
1 26 49
1 29 38
1 31 112
1 35 32
1 37 144
1 40 78
1 41 17
1 44 47
1 45 148
1 46 74
1 47 91
1 53 133
1 55 133
1 57 79
1 60 89
1 61 94
1 t 90
2 1 145
2 3 169
2 4 113
2 5 163
2 7 80
2 9 104
2 10 73
2 11 156
2 16 37
2 21 81
2 26 149
2 28 137
2 29 130
2 31 63
2 34 127
2 35 114
2 40 45
2 42 32
2 45 27
2 55 49
2 56 58
2 59 165
2 63 141
2 64 86
2 t 168
3 2 169
3 4 137
3 5 52
3 9 60
3 10 68
3 12 85
3 15 17
3 18 98
3 19 51
3 20 137
3 22 44
3 23 17
3 26 15
3 33 157
3 35 150
3 38 159
3 42 65
3 43 110
3 46 71
3 47 154
3 48 147
3 50 40
3 54 97
3 58 43
3 60 158
3 61 104
3 62 129
3 63 69
3 t 78
4 2 113
4 3 137
4 8 56
4 9 15
4 17 60
4 25 45
4 27 63
4 28 40
4 29 118
4 30 145
4 36 83
4 40 72
4 43 167
4 46 86
4 47 150
4 48 22
4 49 83
4 56 115
4 59 98
5 1 14
5 2 163
5 3 52
5 6 146
5 7 100
5 9 61
5 11 110
5 12 169
5 14 72
5 23 129
5 26 141
5 27 49
5 28 99
5 29 141
5 31 73
5 37 35
5 39 150
5 42 144
5 54 99
5 56 118
5 58 16
5 60 135
5 61 77
5 62 81
6 5 146
6 7 173
6 10 50
6 12 63
6 22 115
6 23 62
6 28 50
6 30 129
6 35 52
6 38 94
6 41 139
6 56 164
6 57 130
6 63 121
7 2 80
7 5 100
7 6 173
7 11 69
7 16 41
7 21 118
7 26 121
7 27 60
7 28 125
7 30 18
7 31 68
7 33 47
7 34 164
7 36 120
7 40 40
7 43 57
7 45 130
7 46 141
7 49 105
7 50 19
7 51 78
7 53 30
7 59 82
7 61 35
7 t 146
8 1 67
8 4 56
8 12 142
8 15 95
8 16 15
8 17 116
8 19 107
8 20 47
8 22 15
8 26 42
8 30 102
8 32 153
8 33 148
8 34 155
8 42 125
8 46 53
8 48 66
8 49 110
8 51 131
8 55 97
8 60 61
8 61 127
8 62 33
8 t 71
9 2 104
9 3 60
9 4 15
9 5 61
9 10 71
9 14 58
9 15 148
9 16 87
9 21 48
9 28 147
9 35 118
9 36 167
9 40 81
9 41 67
9 43 146
9 46 81
9 47 112
9 52 94
9 53 84
9 56 54
9 58 27
9 62 90
9 63 122
10 1 68
10 2 73
10 3 68
10 6 50
10 9 71
10 12 152
10 15 23
10 17 126
10 18 125
10 21 85
10 23 156
10 28 91
10 29 39
10 31 64
10 35 125
10 37 133
10 40 88
10 41 97
10 42 124
10 43 137
10 44 131
10 45 136
10 49 154
10 52 84
10 55 138
10 58 95
10 60 81
10 61 78
10 64 49
10 t 100
11 1 166
11 2 156
11 5 110
11 7 69
11 12 42
11 13 48
11 14 72
11 15 153
11 16 127
11 18 94
11 20 133
11 23 116
11 25 130
11 26 118
11 31 145
11 32 118
11 35 140
11 40 104
11 44 126
11 45 76
11 48 33
11 50 42
11 54 98
11 55 27
11 56 40
11 59 111
11 62 23
11 64 47
11 t 119
12 1 139
12 3 85
12 5 169
12 6 63
12 8 142
12 10 152
12 11 42
12 13 164
12 15 165
12 16 99
12 20 170
12 23 149
12 28 115
12 37 105
12 40 112
12 44 146
12 45 19
12 46 115
12 53 158
12 54 72
12 58 83
12 59 48
12 60 74
12 64 102
13 11 48
13 12 164
13 14 154
13 24 45
13 26 95
13 28 65
13 32 34
13 36 57
13 37 68
13 39 139
13 41 107
13 42 38
13 53 82
13 55 43
13 57 107
13 58 165
13 62 66
13 63 54
14 5 72
14 9 58
14 11 72
14 13 154
14 16 50
14 17 38
14 19 42
14 20 147
14 21 80
14 23 86
14 25 168
14 26 92
14 28 36
14 29 55
14 30 67
14 31 40
14 34 14
14 35 80
14 39 151
14 44 154
14 46 15
14 48 26
14 54 103
14 61 92
14 63 49
14 64 20
14 t 17
15 1 50
15 3 17
15 8 95
15 9 148
15 10 23
15 11 153
15 12 165
15 17 127
15 18 158
15 24 160
15 25 106
15 26 108
15 30 119
15 32 121
15 35 139
15 37 58
15 38 110
15 43 153
15 44 120
15 46 139
15 50 72
15 51 20
15 52 81
15 54 41
15 58 55
15 60 51
15 62 107
16 2 37
16 7 41
16 8 15
16 9 87
16 11 127
16 12 99
16 14 50
16 17 62
16 18 119
16 23 118
16 24 128
16 27 62
16 28 100
16 29 147
16 30 149
16 31 139
16 33 132
16 35 51
16 37 172
16 38 79
16 39 61
16 41 15
16 46 164
16 50 48
16 52 97
16 53 73
16 55 141
16 57 77
16 58 95
16 62 144
17 4 60
17 8 116
17 10 126
17 14 38
17 15 127
17 16 62
17 18 112
17 19 71
17 20 150
17 21 60
17 24 121
17 26 158
17 27 35
17 31 18
17 32 117
17 36 27
17 38 23
17 39 123
17 42 140
17 43 41
17 44 141
17 46 83
17 47 173
17 52 74
17 53 22
17 58 67
17 61 33
17 62 104
17 t 69
18 1 148
18 3 98
18 10 125
18 11 94
18 15 158
18 16 119
18 17 112
18 20 141
18 21 63
18 23 64
18 26 44
18 32 80
18 33 63
18 34 18
18 37 162
18 38 115
18 39 144
18 40 42
18 42 97
18 43 150
18 47 51
18 48 148
18 51 144
18 54 36
18 55 66
18 56 161
18 61 90
18 63 26
19 3 51
19 8 107
19 14 42
19 17 71
19 20 99
19 21 167
19 23 75
19 31 31
19 33 124
19 35 113
19 36 53
19 38 166
19 44 29
19 47 151
19 48 128
19 52 93
19 53 126
19 59 161
19 61 159
20 3 137
20 8 47
20 11 133
20 12 170
20 14 147
20 17 150
20 18 141
20 19 99
20 21 156
20 22 133
20 32 172
20 33 137
20 34 104
20 35 165
20 36 161
20 39 89
20 40 129
20 43 77
20 44 165
20 48 31
20 49 29
20 55 97
20 56 62
20 59 166
20 64 101
20 t 129
21 1 23
21 2 81
21 7 118
21 9 48
21 10 85
21 14 80
21 17 60
21 18 63
21 19 167
21 20 156
21 23 148
21 26 170
21 28 166
21 29 49
21 30 101
21 33 69
21 37 90
21 42 116
21 47 138
21 54 132
21 60 102
21 61 29
22 3 44
22 6 115
22 8 15
22 20 133
22 24 88
22 25 58
22 30 24
22 32 29
22 33 125
22 34 163
22 36 120
22 39 47
22 41 43
22 43 105
22 47 128
22 49 52
22 52 36
22 55 170
22 60 15
22 62 143
23 1 88
23 3 17
23 5 129
23 6 62
23 10 156
23 11 116
23 12 149
23 14 86
23 16 118
23 18 64
23 19 75
23 21 148
23 24 82
23 27 24
23 29 62
23 30 38
23 31 159
23 32 101
23 33 64
23 34 123
23 36 55
23 38 105
23 43 137
23 44 166
23 52 126
23 55 124
23 56 78
23 57 48
23 58 165
23 59 89
23 62 154
23 t 58
24 1 45
24 13 45
24 15 160
24 16 128
24 17 121
24 22 88
24 23 82
24 29 138
24 30 134
24 31 56
24 32 107
24 36 118
24 37 88
24 38 39
24 41 27
24 42 166
24 46 162
24 50 104
24 52 166
24 53 68
24 55 131
24 56 61
24 58 100
24 59 115
24 62 20
24 63 22
24 64 58
25 1 45
25 4 45
25 11 130
25 14 168
25 15 106
25 22 58
25 28 44
25 34 103
25 36 117
25 40 36
25 44 83
25 46 131
25 50 146
25 53 82
25 57 144
25 59 68
25 60 63
25 64 136
26 1 49
26 2 149
26 3 15
26 5 141
26 7 121
26 8 42
26 11 118
26 13 95
26 14 92
26 15 108
26 17 158
26 18 44
26 21 170
26 27 82
26 33 66
26 36 55
26 37 92
26 38 132
26 41 67
26 43 83
26 47 113
26 48 152
26 54 86
26 55 26
26 58 57
26 59 24
26 60 101
26 62 69
26 t 39
27 4 63
27 5 49
27 7 60
27 16 62
27 17 35
27 23 24
27 26 82
27 38 26
27 44 100
27 45 150
27 46 143
27 48 123
27 53 173
27 60 104
27 61 131
28 2 137
28 4 40
28 5 99
28 6 50
28 7 125
28 9 147
28 10 91
28 12 115
28 13 65
28 14 36
28 16 100
28 21 166
28 25 44
28 29 116
28 31 97
28 33 41
28 36 150
28 37 137
28 46 36
28 56 36
28 60 72
28 61 61
28 62 50
28 64 83
29 1 38
29 2 130
29 4 118
29 5 141
29 10 39
29 14 55
29 16 147
29 21 49
29 23 62
29 24 138
29 28 116
29 30 29
29 32 43
29 34 164
29 37 86
29 42 31
29 46 65
29 47 69
29 48 42
29 51 27
29 52 99
29 57 80
29 t 16
30 4 145
30 6 129
30 7 18
30 8 102
30 14 67
30 15 119
30 16 149
30 21 101
30 22 24
30 23 38
30 24 134
30 29 29
30 32 101
30 38 139
30 40 44
30 44 168
30 49 20
30 54 118
30 57 105
30 58 27
30 59 164
30 61 46
30 64 86
31 1 112
31 2 63
31 5 73
31 7 68
31 10 64
31 11 145
31 14 40
31 16 139
31 17 18
31 19 31
31 23 159
31 24 56
31 28 97
31 32 109
31 33 14
31 35 118
31 36 170
31 41 94
31 43 173
31 47 61
31 48 171
31 53 158
31 56 59
31 58 142
31 59 78
31 t 23
32 8 153
32 11 118
32 13 34
32 15 121
32 17 117
32 18 80
32 20 172
32 22 29
32 23 101
32 24 107
32 29 43
32 30 101
32 31 109
32 37 61
32 38 67
32 42 168
32 47 28
32 48 104
32 53 70
32 54 164
32 55 92
32 62 109
32 63 98
33 3 157
33 7 47
33 8 148
33 16 132
33 18 63
33 19 124
33 20 137
33 21 69
33 22 125
33 23 64
33 26 66
33 28 41
33 31 14
33 36 65
33 40 92
33 41 87
33 42 144
33 44 126
33 45 157
33 47 144
33 51 143
33 52 169
33 56 123
33 57 66
33 59 39
33 64 16
33 t 56
34 2 127
34 7 164
34 8 155
34 14 14
34 18 18
34 20 104
34 22 163
34 23 123
34 25 103
34 29 164
34 36 50
34 37 64
34 42 87
34 46 37
34 47 102
34 49 154
34 55 63
34 57 159
34 58 162
34 59 137
34 61 39
34 t 30
35 1 32
35 2 114
35 3 150
35 6 52
35 9 118
35 10 125
35 11 140
35 14 80
35 15 139
35 16 51
35 19 113
35 20 165
35 31 118
35 39 112
35 40 92
35 41 127
35 42 38
35 45 58
35 46 111
35 47 65
35 49 84
35 55 57
35 56 103
35 58 64
35 59 59
35 60 161
35 63 170
36 4 83
36 7 120
36 9 167
36 13 57
36 17 27
36 19 53
36 20 161
36 22 120
36 23 55
36 24 118
36 25 117
36 26 55
36 28 150
36 31 170
36 33 65
36 34 50
36 38 123
36 43 123
36 45 48
36 46 164
36 52 58
36 57 138
36 61 130
36 63 101
36 t 26
37 1 144
37 5 35
37 10 133
37 12 105
37 13 68
37 15 58
37 16 172
37 18 162
37 21 90
37 24 88
37 26 92
37 28 137
37 29 86
37 32 61
37 34 64
37 38 110
37 39 87
37 40 149
37 45 90
37 46 126
37 47 110
37 49 160
37 57 33
37 59 97
37 60 163
38 3 159
38 6 94
38 15 110
38 16 79
38 17 23
38 18 115
38 19 166
38 23 105
38 24 39
38 26 132
38 27 26
38 30 139
38 32 67
38 36 123
38 37 110
38 41 109
38 42 125
38 47 88
38 51 122
38 52 38
38 57 88
39 5 150
39 13 139
39 14 151
39 16 61
39 17 123
39 18 144
39 20 89
39 22 47
39 35 112
39 37 87
39 40 69
39 41 143
39 45 133
39 52 42
39 53 86
39 56 88
39 57 164
39 60 16
39 t 44
40 1 78
40 2 45
40 4 72
40 7 40
40 9 81
40 10 88
40 11 104
40 12 112
40 18 42
40 20 129
40 25 36
40 30 44
40 33 92
40 35 92
40 37 149
40 39 69
40 44 170
40 45 105
40 53 115
40 55 172
40 56 45
40 58 42
40 t 113
41 1 17
41 6 139
41 9 67
41 10 97
41 13 107
41 16 15
41 22 43
41 24 27
41 26 67
41 31 94
41 33 87
41 35 127
41 38 109
41 39 143
41 42 173
41 43 89
41 44 147
41 46 42
41 48 154
41 51 29
41 57 77
41 59 48
41 61 156
42 2 32
42 3 65
42 5 144
42 8 125
42 10 124
42 13 38
42 17 140
42 18 97
42 21 116
42 24 166
42 29 31
42 32 168
42 33 144
42 34 87
42 35 38
42 38 125
42 41 173
42 44 21
42 46 136
42 50 47
42 53 15
42 55 64
42 59 117
42 60 164
42 61 126
42 t 17
43 3 110
43 4 167
43 7 57
43 9 146
43 10 137
43 15 153
43 17 41
43 18 150
43 20 77
43 22 105
43 23 137
43 26 83
43 31 173
43 36 123
43 41 89
43 45 87
43 46 150
43 50 84
43 52 16
43 55 36
43 56 54
43 57 159
43 58 46
43 60 129
43 61 156
43 64 125
44 1 47
44 10 131
44 11 126
44 12 146
44 14 154
44 15 120
44 17 141
44 19 29
44 20 165
44 23 166
44 25 83
44 27 100
44 30 168
44 33 126
44 40 170
44 41 147
44 42 21
44 48 129
44 54 126
44 61 80
44 62 56
45 1 148
45 2 27
45 7 130
45 10 136
45 11 76
45 12 19
45 27 150
45 33 157
45 35 58
45 36 48
45 37 90
45 39 133
45 40 105
45 43 87
45 47 121
45 48 48
45 60 158
45 61 28
46 1 74
46 3 71
46 4 86
46 7 141
46 8 53
46 9 81
46 12 115
46 14 15
46 15 139
46 16 164
46 17 83
46 24 162
46 25 131
46 27 143
46 28 36
46 29 65
46 34 37
46 35 111
46 36 164
46 37 126
46 41 42
46 42 136
46 43 150
46 48 105
46 50 20
46 55 74
46 56 155
46 58 85
46 61 78
46 64 150
46 t 107
47 1 91
47 3 154
47 4 150
47 9 112
47 17 173
47 18 51
47 19 151
47 21 138
47 22 128
47 26 113
47 29 69
47 31 61
47 32 28
47 33 144
47 34 102
47 35 65
47 37 110
47 38 88
47 45 121
47 48 125
47 49 95
47 51 60
47 54 84
47 56 92
47 57 40
47 59 155
47 t 85
48 3 147
48 4 22
48 8 66
48 11 33
48 14 26
48 18 148
48 19 128
48 20 31
48 26 152
48 27 123
48 29 42
48 31 171
48 32 104
48 41 154
48 44 129
48 45 48
48 46 105
48 47 125
48 51 135
48 55 82
48 57 118
48 62 91
48 63 110
48 t 17
49 4 83
49 7 105
49 8 110
49 10 154
49 20 29
49 22 52
49 30 20
49 34 154
49 35 84
49 37 160
49 47 95
49 51 31
49 53 100
49 57 109
49 58 152
49 t 128
50 3 40
50 7 19
50 11 42
50 15 72
50 16 48
50 24 104
50 25 146
50 42 47
50 43 84
50 46 20
50 57 82
50 58 40
50 59 127
50 61 151
50 63 98
51 7 78
51 8 131
51 15 20
51 18 144
51 29 27
51 33 143
51 38 122
51 41 29
51 47 60
51 48 135
51 49 31
51 52 110
51 56 59
51 57 151
51 60 34
51 t 153
52 9 94
52 10 84
52 15 81
52 16 97
52 17 74
52 19 93
52 22 36
52 23 126
52 24 166
52 29 99
52 33 169
52 36 58
52 38 38
52 39 42
52 43 16
52 51 110
52 56 84
52 57 42
52 58 102
52 62 75
52 63 148
52 64 126
52 t 72
53 1 133
53 7 30
53 9 84
53 12 158
53 13 82
53 16 73
53 17 22
53 19 126
53 24 68
53 25 82
53 27 173
53 31 158
53 32 70
53 39 86
53 40 115
53 42 15
53 49 100
53 54 128
53 55 41
53 56 128
53 61 115
53 62 138
53 63 18
53 64 146
54 3 97
54 5 99
54 11 98
54 12 72
54 14 103
54 15 41
54 18 36
54 21 132
54 26 86
54 30 118
54 32 164
54 44 126
54 47 84
54 53 128
54 56 77
54 60 150
54 61 35
54 62 71
54 63 54
54 64 61
55 1 133
55 2 49
55 8 97
55 10 138
55 11 27
55 13 43
55 16 141
55 18 66
55 20 97
55 22 170
55 23 124
55 24 131
55 26 26
55 32 92
55 34 63
55 35 57
55 40 172
55 42 64
55 43 36
55 46 74
55 48 82
55 53 41
55 56 163
55 63 47
56 2 58
56 4 115
56 5 118
56 6 164
56 9 54
56 11 40
56 18 161
56 20 62
56 23 78
56 24 61
56 28 36
56 31 59
56 33 123
56 35 103
56 39 88
56 40 45
56 43 54
56 46 155
56 47 92
56 51 59
56 52 84
56 53 128
56 54 77
56 55 163
56 58 52
56 59 136
56 64 157
57 1 79
57 6 130
57 13 107
57 16 77
57 23 48
57 25 144
57 29 80
57 30 105
57 33 66
57 34 159
57 36 138
57 37 33
57 38 88
57 39 164
57 41 77
57 43 159
57 47 40
57 48 118
57 49 109
57 50 82
57 51 151
57 52 42
57 58 168
57 60 141
58 3 43
58 5 16
58 9 27
58 10 95
58 12 83
58 13 165
58 15 55
58 16 95
58 17 67
58 23 165
58 24 100
58 26 57
58 30 27
58 31 142
58 34 162
58 35 64
58 40 42
58 43 46
58 46 85
58 49 152
58 50 40
58 52 102
58 56 52
58 57 168
58 59 50
58 60 64
58 62 163
58 63 18
59 2 165
59 4 98
59 7 82
59 11 111
59 12 48
59 19 161
59 20 166
59 23 89
59 24 115
59 25 68
59 26 24
59 30 164
59 31 78
59 33 39
59 34 137
59 35 59
59 37 97
59 41 48
59 42 117
59 47 155
59 50 127
59 56 136
59 58 50
59 61 159
60 1 89
60 3 158
60 5 135
60 8 61
60 10 81
60 12 74
60 15 51
60 21 102
60 22 15
60 25 63
60 26 101
60 27 104
60 28 72
60 35 161
60 37 163
60 39 16
60 42 164
60 43 129
60 45 158
60 51 34
60 54 150
60 57 141
60 58 64
61 1 94
61 3 104
61 5 77
61 7 35
61 8 127
61 10 78
61 14 92
61 17 33
61 18 90
61 19 159
61 21 29
61 27 131
61 28 61
61 30 46
61 34 39
61 36 130
61 41 156
61 42 126
61 43 156
61 44 80
61 45 28
61 46 78
61 50 151
61 53 115
61 54 35
61 59 159
61 62 152
61 64 64
62 3 129
62 5 81
62 8 33
62 9 90
62 11 23
62 13 66
62 15 107
62 16 144
62 17 104
62 22 143
62 23 154
62 24 20
62 26 69
62 28 50
62 32 109
62 44 56
62 48 91
62 52 75
62 53 138
62 54 71
62 58 163
62 61 152
62 64 104
63 2 141
63 3 69
63 6 121
63 9 122
63 13 54
63 14 49
63 18 26
63 24 22
63 32 98
63 35 170
63 36 101
63 48 110
63 50 98
63 52 148
63 53 18
63 54 54
63 55 47
63 58 18
64 2 86
64 10 49
64 11 47
64 12 102
64 14 20
64 20 101
64 24 58
64 25 136
64 28 83
64 30 86
64 33 16
64 43 125
64 46 150
64 52 126
64 53 146
64 54 61
64 56 157
64 61 64
64 62 104
64 t 164
