s 2 68
s 3 76
s 5 72
s 7 53
s 8 31
s 9 65
s 12 94
s 13 22
s 15 20
1 4 39
1 5 73
1 7 51
1 9 80
1 11 48
1 12 58
1 13 70
1 15 71
2 6 41
2 8 52
2 13 38
2 15 34
2 t 82
3 7 50
4 1 39
4 5 30
4 7 55
4 8 57
4 10 70
4 11 88
4 14 24
4 15 48
4 t 56
5 1 73
5 4 30
5 7 22
5 11 78
5 14 20
6 2 41
6 7 72
6 9 95
6 10 88
6 12 36
6 13 70
6 14 88
7 1 51
7 3 50
7 4 55
7 5 22
7 6 72
7 10 64
7 12 25
7 13 32
7 14 63
7 15 50
8 2 52
8 4 57
8 11 87
9 1 80
9 6 95
9 10 24
9 14 46
9 t 90
10 4 70
10 6 88
10 7 64
10 9 24
10 11 43
10 13 35
10 14 85
10 15 38
11 1 48
11 4 88
11 5 78
11 8 87
11 10 43
11 12 31
11 13 48
11 14 43
11 15 76
11 t 85
12 1 58
12 6 36
12 7 25
12 11 31
12 13 67
12 14 59
13 1 70
13 2 38
13 6 70
13 7 32
13 10 35
13 11 48
13 12 67
14 4 24
14 5 20
14 6 88
14 7 63
14 9 46
14 10 85
14 11 43
14 12 59
15 1 71
15 2 34
15 4 48
15 7 50
15 10 38
15 11 76
